7113
2380
7293
3290
5246
1456
7797
9888
8981
6214
1323
1099
3591
7208
7895
480
9486
9953
5373
9238
2893
6609
9595
8508
9135
2749
6974
3270
2108
5750
4148
902
1672
5396
1117
3475
5510
5710
3355
3833
5339
1737
792
4012
7468
5099
8598
3594
6441
9243
6705
3261
9971
695
6481
1289
4808
3392
5308
4568
6960
6614
3336
399
5136
8444
190
4845
4699
3928
8522
6880
168
4537
7151
2563
1663
9781
2279
3624
733
862
4808
9902
88
1361
2979
6959
6748
7307
5237
9257
5907
5207
8736
2039
5523
3848
532
5339
5713
7920
2263
5242
7571
1355
100
1716
5331
4763
7503
4510
2064
5840
7159
8414
4127
2916
1956
8306
6638
8192
5583
6430
3769
8910
4161
6976
3094
2861
8324
5857
7706
1706
5061
3531
9854
8434
1275
8321
6845
7616
5714
2352
6644
1060
1904
5216
9468
6483
9384
7142
6020
8501
5773
1850
7158
2239
2350
767
3612
1709
848
8244
2124
5308
937
1527
831
8577
1224
3633
3359
3098
5603
6018
8574
415
9016
4249
260
5987
5365
2383
2720
5709
9875
4993
7903
8974
8844
281
7755
1742
1421
5288
7130
7368
7527
8706
5304
1086
9600
6741
3423
9802
4646
2919
8146
5555
2692
7420
7001
4824
2365
4785
1559
5212
2868
4408
5703
1438
1230
2784
3893
7939
6608
5247
4153
1394
3346
9423
2797
1244
8501
1843
7968
2055
2464
6117
4564
2278
4246
1437
1729
8822
4388
544
204
6262
2870
1330
2787
6052
3833
8473
7023
1392
123
1920
9052
3536
3375
324
9236
8224
7964
895
5031
3571
8645
8478
8295
3674
6259
273
1568
3536
8767
4511
3893
3712
6412
1492
5221
8611
6960
3416
1885
3114
99
1244
8103
2212
1697
4755
9215
6060
2970
1035
5686
3651
632
1816
6896
8101
8160
7659
6248
7834
6177
260
836
4556
9674
6257
691
2320
2408
9457
7762
6147
9261
5209
494
4690
8812
7650
6355
1286
9761
2942
2899
8666
1486
9301
4115
1082
9407
1440
9279
5466
7871
5297
4606
288
7364
6413
1984
5551
4469
3719
3828
5489
3867
2171
1989
4576
4245
6467
3172
5393
6390
2873
9570
2557
7706
3930
7060
1213
3174
3619
6729
5618
5596
5835
2615
2287
6606
9757
8833
9523
1786
2368
6165
5366
7587
948
2401
1776
6528
2604
3622
432
2702
9426
3269
8032
577
8379
4758
4467
3159
7545
6136
7815
9677
7655
7106
4781
9420
6996
4520
8545
8235
7487
4394
3384
9416
8635
7750
5142
5776
8863
8941
266
7115
3981
7474
5830
6630
7260
5727
8030
1720
9029
210
4988
3430
2871
4949
7198
6562
9431
7195
1933
1133
7399
8214
8506
8413
7585
6
8535
4458
8337
9548
8592
7443
2077
2060
4820
4462
769
7873
8900
5724
139
7946
4406
6682
4560
3586
2326
9012
6841
3245
3082
7524
6461
8959
5777
1544
1532
7879
2263
882
4758
8616
2631
7688
4966
6776
2734
6892
1678
4577
1879
6422
5856
3236
4073
6445
9174
7550
6569
8118
1742
6323
6573
6851
6406
1063
2175
2924
2768
460
7946
8042
4258
757
4532
3344
3036
4920
1383
4069
3719
9586
7997
8940
823
7381
9816
1285
6812
3021
5068
684
4667
1952
538
5358
7284
6787
3801
6172
8448
8521
2403
8025
9544
6838
1129
781
2933
9874
7236
4748
5071
7146
4906
241
9780
8960
3128
7427
8344
2002
7154
1770
2291
7912
2596
7819
4428
1671
8788
6286
3376
2194
7671
8929
8190
4049
4140
8917
4786
7370
809
1094
4188
2699
1344
3064
9036
3961
765
333
3085
4546
2079
3380
6459
5615
8352
987
6770
1478
3171
2853
5556
7116
1929
8294
7927
1960
3296
7675
7737
5202
3305
838
1664
7066
2772
1175
5267
3397
5914
4359
1566
7889
8727
2622
1590
5370
6978
6148
4954
822
8154
9141
113
1674
79
941
3222
2080
5321
4946
5437
4912
1257
4721
801
4843
8235
1393
763
9286
1124
2468
2513
2691
2894
7644
3929
60
4893
7978
4328
1385
6557
3473
6795
833
1706
9529
8049
5292
444
5072
3619
1031
8285
5883
5025
4385
6632
1530
4251
9890
1983
4041
9368
3484
7609
9394
9046
8937
3830
5200
2319
1828
6192
4591
5845
9172
6817
3311
2634
9010
7451
7576
350
411
3096
8183
6837
3905
6926
6870
8148
8845
8782
5433
2920
6223
8314
1973
3076
9830
8753
5803
8933
2826
7832
242
3939
9686
1654
4067
2758
1396
5340
942
930
6417
15
4585
3617
6447
5059
8089
4924
8953
4470
4041
8886
6401
8391
5287
4084
6182
6513
7566
7853
7313
104
9758
1066
8158
3358
7528
329
1655
5394
9605
7492
1436
2230
7
6713
3551
3851
9479
7318
1772
1531
4300
9828
7910
4003
6301
5292
4141
3547
574
3498
2331
3571
7159
3949
5037
7164
5635
4615
6447
1617
3971
1352
3184
8384
5042
8337
5221
6904
2260
6711
6313
5968
839
7447
6114
7522
2460
6544
4479
5122
1263
1393
557
9855
1
2176
1145
2693
3335
1236
6960
6189
939
1824
402
2
6992
7149
4932
6448
9140
9826
837
5754
5198
1907
6137
1224
7478
5043
9281
7276
340
9079
731
1823
640
4520
9941
7245
9865
6276
4813
5978
1233
2386
8692
4271
3525
7185
9058
3285
8427
1820
3763
4493
6308
715
2782
1321
7424
4217
6038
2187
3185
2910
5049
6936
5000
4312
4549
1704
2812
4507
1323
5836
9817
594
8332
5644
9044
5472
1329
3389
2221
5000
4967
1436
765
5461
1894
5914
5519
3735
9218
4355
7643
2827
4522
4492
1053
5957
9470
9113
1124
3677
3838
6728
4055
4403
9646
2925
1122
8272
3605
379
9566
9338
7141
5772
9566
9044
5237
5981
2757
1296
6665
3865
7126
3954
1299
8609
5747
6850
9875
8436
1847
7501
842
6865
495
9545
3996
1526
1266
8963
1684
6403
4498
5911
113
9024
1115
4411
5870
8536
1720
7337
640
449
7461
3207
7192
8873
8814
2196
4648
991
5799
8241
9539
6858
213
2361
7628
4730
2233
5374
7280
1481
3773
5778
2656
9150
8807
6496
4343
6462
9850
1509
5450
9231
1756
8397
7277
8490
5155
766
530
7596
3336
7163
3276
3290
2781
7334
3138
3902
9674
3222
6126
9618
307
848
9957
8968
3942
6597
3618
4035
5921
6664
4443
6326
768
9642
3349
9159
5860
9908
132
4752
3647
7296
7674
8994
683
5621
5552
3109
2090
1821
9410
7025
1704
180
341
9938
509
9023
6452
8316
4208
2855
3464
4235
4117
7601
7046
1684
3222
3259
9298
3294
2239
420
2001
7303
5059
3561
8620
5396
2413
9560
5920
5097
7329
163
4946
6753
4480
2882
7169
3515
7258
9525
5428
3569
6062
8741
8226
3318
3565
8646
2672
2427
2909
6348
1268
8414
7305
550
9609
3471
2486
9755
3884
3872
1280
1887
3954
6201
4850
5314
3996
5702
9077
1622
4323
8221
2128
6492
3022
3535
9469
9641
9683
9067
7901
6442
2505
2409
6593
417
8651
2986
7289
1674
2569
6585
9450
511
2121
4270
1080
4339
267
8719
4196
9183
3721
4851
4750
8472
5389
1957
1579
9065
8733
673
3489
370
9042
766
8656
9453
1191
232
2059
6664
9116
7289
6948
180
4505
1987
4037
9497
1712
3148
4458
1780
251
2423
9901
7854
85
7531
6281
3434
8037
8802
928
5210
3572
992
6024
2543
7808
542
6576
267
3241
6994
7840
9876
5976
7613
8878
4936
6272
128
4397
1032
8060
3228
8144
7970
7256
677
4733
6655
9372
6274
2940
6965
5571
6915
7646
4058
9722
6639
1147
9302
7171
8281
8915
2115
7385
9583
3190
1108
9054
7279
672
687
6225
1126
5724
7528
1419
4935
6809
3724
5656
2228
42
1607
7490
219
7254
5090
3561
4048
960
6956
5344
2083
6578
8100
1873
8382
4370
672
2512
5022
1047
3821
4572
6939
7380
8132
9090
1573
994
2725
2380
3501
2413
6771
6135
6941
3813
3564
2754
917
8356
5555
9202
8339
4239
4795
5010
5518
8614
8674
3656
5807
133
4903
563
8221
1901
4170
9040
8164
2845
7903
5564
368
7129
8511
7524
492
8013
7163
3592
8673
6171
6253
6478
6125
4608
6557
9666
6962
1845
4908
7307
1048
80
3569
8233
3361
2235
9598
4043
2950
1148
9022
9933
4019
820
5741
4110
9643
9092
9012
4271
6969
8184
7487
4503
5893
8823
3277
1188
3696
5091
8803
2861
3788
8155
1374
1843
8426
912
4387
1461
8593
4549
36
2786
2856
511
2
4536
5872
6620
1706
6844
4049
7808
5757
3539
8352
490
4975
2589
7529
7077
4732
1553
3407
6442
1202
1587
2797
5571
4223
867
4408
331
6888
7967
9715
5313
9138
7640
126
986
3153
6610
5996
6710
571
1428
4640
4795
7368
5584
5924
8686
649
2653
8085
7489
1409
367
2958
7078
1620
4152
9871
6497
4475
7416
5209
6283
6289
8992
6249
8723
8062
3605
2223
2495
3613
9087
2203
5232
235
3521
9379
51
9999
3923
4706
9492
3697
8970
608
2222
8536
9834
8378
3181
995
7410
4558
2676
1987
3445
3830
7465
292
3289
1726
1854
4775
6504
3715
6220
4061
5444
3227
5864
466
9128
43
7303
6403
553
7048
4542
4045
9979
7677
5585
7812
5904
7974
7997
1436
8459
4055
1298
9096
8387
2877
8184
7821
7683
1838
9810
5009
5822
5647
6016
1526
5215
5858
2974
2605
703
1066
8778
7976
7680
685
3555
6689
5510
884
7165
432
6134
5938
8305
4333
2758
4799
7376
7506
1635
3248
3704
748
8114
2788
1760
7902
7486
2589
1309
9042
6928
5673
7111
6093
2429
2029
3494
9854
409
4877
6182
2819
2377
1898
4041
2871
7238
9576
5371
7276
429
1323
1585
7441
1300
4702
9083
64
1735
4111
6713
8903
4544
9418
777
9344
2645
7552
2446
5535
9708
4964
2780
3880
5721
1827
1808
3147
9400
1581
2125
6525
5989
4468
4641
3940
6472
3792
182
1438
8031
2028
4100
31
1988
8305
1715
69
5982
1564
878
1865
2851
4735
1604
7029
5034
8401
9657
8892
6094
338
2745
4795
6783
256
940
8906
3811
3263
5924
3614
3226
232
2051
2398
1711
9457
5130
2400
8538
6101
7628
6256
6194
9711
1986
3724
5120
2760
9735
2095
5454
7675
9507
3768
1375
6274
4229
1606
3272
4303
2762
3794
2396
1560
5562
9241
4021
3759
2769
9493
222
509
8955
3959
8798
6843
5801
6691
270
6717
2480
8775
6268
299
8464
4441
4568
2077
6818
1869
4587
5155
2267
2816
6312
7550
6317
3811
4747
9167
9133
6839
654
7769
4351
3986
8442
181
9805
7308
3946
1811
7735
3865
8442
2199
6804
3730
5007
6215
9302
8306
7457
4464
9020
5546
3251
9360
2689
4257
9492
3124
3809
3356
2157
1950
2812
1510
6042
8354
627
5356
7222
8541
3424
3496
5566
1395
7634
23
9016
3284
3301
8521
2941
842
4640
7253
9665
9073
8200
6950
772
2819
3906
8422
720
6991
3158
2086
2050
1749
719
9287
3366
3265
1150
5576
316
7586
7279
5468
7655
7942
2115
1111
7619
3316
7340
8709
4118
1221
4055
3351
9039
5487
36
3179
5675
2976
225
8838
8551
8787
6964
6145
5904
5394
7591
4942
4662
7673
8110
9781
8255
7203
5204
5055
9896
579
2339
7262
6565
2000
1331
2615
6586
2094
4153
4125
5586
9141
8753
4987
2396
6496
119
9310
4438
4837
9982
7741
4818
8524
8611
1862
4581
4957
2348
1974
1902
4762
8618
4884
4548
1398
4270
5850
1688
7281
2712
9089
2041
5314
4090
2984
4982
992
683
4002
3022
9868
9287
393
1795
5038
2500
1986
5117
1386
7295
7535
7067
2255
2885
3002
8245
3964
8782
1653
1981
943
6259
3739
1283
4684
3296
66
359
7798
5605
1552
9242
7949
3814
487
1293
1684
7778
1679
4571
5293
1777
1950
7875
9860
1767
5254
9869
8837
3925
3291
6317
1594
8942
463
5765
405
9415
6508
4453
8422
2232
3326
7486
8730
511
4138
149
2033
3092
1583
5267
4154
4550
4344
6584
1773
6628
2554
6383
3828
1177
4336
317
1239
6222
497
8003
1651
2499
2315
1796
4886
9449
6926
224
7305
358
9751
6574
1898
363
9719
6344
4389
8098
8912
608
9071
4721
5964
8321
8895
460
665
4048
6634
1543
4773
577
4569
9336
2962
1478
3336
7131
6646
8050
3293
495
9185
2492
9523
5678
7612
6367
6515
1306
8475
7326
9070
1330
110
4757
8937
2068
5242
826
7574
7692
2606
9635
8907
8043
7093
6977
1025
5363
7144
9513
2058
446
5325
5076
9248
9967
2464
5756
647
6016
7244
727
7326
3530
8997
3440
7879
1699
7637
7888
6864
4290
9106
5228
4141
9470
9753
1672
4132
8324
425
5241
7045
615
702
4024
6948
4418
8840
9795
8644
6041
3559
8429
3970
5886
6838
7078
4907
575
7153
2901
9323
9964
1236
8801
8563
5494
9329
1759
838
2659
9693
902
8960
4750
8872
750
9764
9340
5576
4983
4720
7353
5617
9718
5391
593
4915
8426
6459
2187
671
5997
2348
8079
8135
7638
4226
8455
33
2155
9835
1204
8264
5283
6897
7512
9552
1546
3011
320
4900
7981
5518
597
5277
8293
9432
9432
5361
8706
6585
7770
7765
7516
1863
4190
8336
6334
3900
4902
9038
735
3958
8618
2782
1925
3595
8711
7449
5358
8806
8915
3135
9657
2307
4911
272
4399
9458
1110
6371
5888
3323
2194
1479
7751
9007
830
3811
4415
6599
8597
8204
3679
204
489
9475
5744
3586
7120
7560
9072
5393
8745
9151
6191
5217
8540
4621
4375
7473
5952
7039
5369
6020
2902
5415
4161
7626
4962
101
5435
3478
6890
7758
2927
2289
5286
2139
5912
1706
2023
2400
4003
1831
6117
3319
3523
7965
8049
968
401
9753
2201
3624
6736
8665
7642
9212
1535
8841
3583
568
5879
5693
6471
920
964
2984
3429
2217
2097
7447
3265
9221
4236
3390
6060
8938
6152
4492
2560
9366
5905
9645
2502
4625
3051
6060
6065
7607
8675
6435
9288
4849
2023
9121
5073
6830
417
3718
3673
5075
7646
1310
9984
4700
765
3239
177
4045
1987
4321
3775
3387
1164
6530
5642
816
7164
4115
9169
2494
1683
2954
1282
8723
2814
1972
1741
5365
3002
3007
9446
4843
8020
641
1625
7848
5724
2153
3560
7573
4248
6192
5600
921
1861
3835
5642
1367
6776
272
5437
1269
1058
6627
0
9124
4370
2796
3037
5665
4916
7558
610
871
8999
4902
9265
6622
7821
8022
3399
2244
3067
3117
7801
2310
3248
9565
1642
476
9363
5353
2937
4382
5397
9009
2583
9623
3317
2443
9591
7493
9810
3152
5166
4505
955
8400
1098
7345
2450
2562
8655
7231
2384
3949
6428
7622
3618
2108
4189
897
5840
1889
8121
9456
3374
4377
9259
1055
6220
9943
3166
9957
8216
1840
1937
6662
5603
8931
138
3365
9249
8787
2262
4026
1002
3538
3807
444
6205
5979
1511
9867
8565
220
4225
2572
1507
3375
7871
7218
6906
4099
4069
4821
906
7980
3996
5730
8821
7539
6883
1935
7277
1883
4256
1001
8942
3186
8005
1644
280
143
1117
9102
3604
3790
965
4376
3847
8534
7431
6514
9061
68
4498
9066
7885
1525
3078
5185
2419
9589
4203
1138
5627
4639
8625
1312
7136
495
7265
6123
1604
2492
6915
3662
6402
3148
4649
7944
8271
6755
9944
564
3071
4364
5047
7448
9300
2866
3920
855
97
2363
5428
6115
9901
2626
3547
7603
6883
5871
9465
7644
7623
7845
3548
8543
2658
4681
4177
4975
3886
4474
7478
2413
8957
9184
3386
658
7651
7621
401
2360
9525
459
1956
7909
2361
2857
9125
8293
9949
9366
8288
9363
2835
2240
4364
5764
714
2392
8401
4833
4904
9918
2100
751
5443
5413
7982
9020
9087
5811
8907
5015
8721
3112
285
4445
5107
1512
4849
3372
3824
8758
8073
3381
9839
4254
1065
4851
7388
1839
9373
8131
7649
6164
2951
1039
9701
3054
2231
1658
7755
9920
1730
1450
5867
7430
5989
7773
9757
1362
9971
3530
4113
5156
9978
9638
5964
1686
1700
9215
1677
753
6825
4104
254
336
3346
7105
3110
6575
8104
8626
3963
4751
4875
9220
580
2745
7935
5084
5581
1916
5504
693
9252
9013
3974
3832
5712
8090
3875
2155
961
4531
2314
4420
3602
6437
6906
9768
4171
2396
2903
8373
675
7941
7770
7064
2275
3573
7678
3531
6822
3033
876
1887
8700
1772
8641
9154
8654
7374
6298
3484
4252
2871
1890
1596
1569
1496
2770
5002
136
3049
8359
8185
3000
3077
1986
9051
107
9103
1816
4112
1180
1007
8570
7213
9951
8876
3967
4453
9482
6376
1068
3879
1473
5875
7366
8435
9552
3580
8079
6282
3905
2539
7308
1025
3309
8196
4439
8305
2575
9529
1264
2063
8564
6480
5310
7507
3471
6651
8420
2455
4601
1018
7838
6206
4373
4121
2586
5726
4178
6775
9412
6603
1529
8373
6362
4274
9222
4998
7022
8623
6020
8921
7274
1835
5329
3072
7581
6101
5521
9469
3492
9004
2494
5864
2484
8230
8060
4431
5587
6368
491
6139
8918
6451
4037
3978
4389
1231
3704
7902
5179
6487
9246
8450
3306
2248
7975
8532
9915
8519
3496
5508
626
4230
6173
6311
6576
4995
5930
1496
3875
8702
191
5164
216
8724
9050
8608
6865
988
5318
2066
6561
158
6912
4520
3763
8923
7867
6720
6827
4381
7386
3622
8580
4635
3994
5243
1497
8121
2514
6952
5599
9914
8291
4975
6287
1379
8345
6682
3458
3774
3172
9475
517
9159
7296
8079
6699
6759
687
4008
4690
7242
921
8789
205
5327
6074
3960
6049
5596
8778
9860
3020
1355
2714
616
4431
6213
2649
8397
9596
1833
3094
3064
3882
5304
5168
6940
4325
2657
6105
2735
1715
9476
2490
3271
1554
6005
5552
7569
7772
4831
7220
3678
4444
6627
424
3547
7675
7116
2364
587
9379
8607
6609
3363
4085
6004
5397
5761
197
1803
5005
8266
9763
366
8577
6351
8645
5089
864
3019
7759
9992
3893
2764
2245
9830
8257
1355
7031
3533
2696
1562
3547
2518
6552
1417
4905
6414
8963
8100
6911
7724
4909
4861
7093
7611
7777
3297
2907
424
975
8762
9166
5162
3056
6433
8393
1992
5946
845
72
2571
7550
8076
1368
5394
1967
7069
4011
1980
3341
584
9655
8854
1215
2443
2814
4624
6400
3985
1448
7310
5392
6929
4764
7320
5915
529
3246
2238
886
8340
8594
1724
4997
1687
8526
86
5866
1492
5982
8864
7065
225
4737
7805
4039
4073
385
5826
1120
8852
8832
7445
4311
1861
5358
6919
8344
1280
9270
1612
7929
2550
8952
9299
1632
894
8114
1798
5102
2514
5223
3152
5945
83
3025
1749
8855
538
9427
563
4982
2620
3687
2627
4488
7497
4535
3804
7420
6530
3431
3524
5512
9108
4191
2755
3906
9957
4790
359
3102
2298
1657
3214
9010
1715
8492
5491
9237
1187
9975
3960
9509
6431
8578
3004
1592
5587
5227
8841
7627
7499
1684
7804
7622
7685
730
2994
1888
6209
2991
2684
6478
5121
9961
7199
5975
2451
9780
5659
4196
5528
1522
8277
1107
9376
2947
3602
1930
6404
2607
8195
5992
9808
5904
7592
3047
1707
2253
1010
7406
9444
4657
4298
7203
7499
635
4759
9022
8393
7694
7583
456
8364
6392
8494
7218
5859
143
7308
7954
1235
3255
6958
3256
9364
1985
9963
7760
7003
7214
1449
7328
6292
1953
1043
1488
7467
5554
6474
4345
2360
4078
6006
9334
9221
4940
2054
9479
9532
7643
3403
1253
1954
4438
7182
320
6827
8474
2105
7283
360
4478
4873
5689
180
1265
8094
585
9046
9010
5756
3421
5667
2840
353
7473
836
5346
3651
7574
4944
5817
1621
7558
4950
6833
2694
9777
1401
1918
3927
2198
1463
3540
1527
5550
1816
4086
2669
9923
4784
4048
5744
3102
9457
3313
8310
557
6544
5103
3352
5491
1169
3550
2702
5593
3218
6412
9004
2738
2258
4515
7976
7277
284
5570
5575
7939
676
1877
7828
7712
7260
4416
3148
3663
8899
3995
1256
9934
3883
3447
6120
8481
1397
2399
5273
5234
907
7193
4707
854
234
3052
5921
3754
5147
796
9885
4988
652
3216
3495
3526
3135
3573
8962
1094
6958
8507
6236
8441
2634
3725
6440
7013
2607
4894
8426
3974
1445
3983
9742
6208
2566
2861
7749
7939
2471
4967
1421
2861
356
2237
3147
6345
8045
7428
7080
5573
5623
2998
6966
7505
848
2118
8925
1427
8499
449
7910
8232
3652
7728
5154
6421
1672
362
8344
2955
1908
2134
6235
9001
2993
3934
3268
2699
9449
8848
592
3249
209
1982
6904
1562
9890
7237
4025
8047
9813
5402
1536
9324
491
2752
9700
1385
8614
8727
6911
2359
6680
7470
346
2693
3718
9817
3749
1458
8440
7533
2336
9613
5856
3880
7720
7273
3828
5135
9729
1532
4250
9855
7388
9686
9455
4852
3366
5087
6131
376
4589
409
5653
6275
3184
7237
7383
9488
3890
5057
5165
3553
6906
9007
3320
2281
6170
2065
3241
3431
8361
2336
7428
7570
6655
5643
3699
1136
7869
3660
5539
3537
4103
2455
7103
6792
7727
29
6472
8105
7583
9261
6606
5421
1379
185
8845
8659
5424
1942
2566
1666
7477
269
7913
2793
1149
8542
2236
3559
285
8517
2139
1046
5712
1029
5036
7329
2269
6960
2253
7879
3969
5720
8093
4424
4671
8016
5091
12
9409
5788
2671
2659
5993
4247
7995
5543
5320
9732
9806
8669
9194
1116
3661
8619
4253
4885
4478
9891
3468
131
4234
1805
9164
3880
2718
1716
322
5832
7087
4166
2526
7304
7911
7391
5225
7204
2880
7471
4038
8495
1340
9287
3016
2949
6287
9956
5312
3629
4746
946
3729
826
9188
625
3459
6753
1526
7205
6031
3908
3828
9191
5917
6013
2067
5353
9752
6102
9403
6199
1083
8293
3403
8745
4507
6086
8292
6853
608
6224
3571
2225
816
4041
1310
3766
3242
4965
3609
1088
4732
4010
3013
5074
8290
4143
3351
6662
4956
6435
5857
5618
698
1497
5631
3414
5686
4465
7615
8722
3438
6978
7438
549
2605
5444
9931
1632
6502
3866
9691
5400
9836
3708
7784
6666
9632
7171
4518
2345
5319
6285
404
212
9991
7840
8203
4147
559
3995
1527
6303
8752
9880
3470
9441
5148
5422
7681
8354
1290
2547
1839
8226
1890
4063
4833
2549
9499
7403
4885
6391
2238
4744
8842
4400
3319
4061
2148
3299
1224
6920
6685
8432
3290
6757
3193
1658
4801
972
5124
8594
2362
6741
8682
8866
3060
7079
1810
694
9944
413
2040
564
5990
154
8117
4956
5757
1860
1086
7963
2599
5931
5766
6522
463
2973
9601
9859
2848
4674
1382
7507
7003
3762
6623
7419
3956
9223
5984
2752
4906
7213
5330
8147
6513
3381
4731
2091
5854
7049
9324
3246
4990
794
5431
463
6947
3301
7866
6305
3244
2452
4892
9225
2800
1200
5619
8033
183
8372
5968
2313
6949
1037
3640
584
9172
2814
783
6449
7469
657
5299
4593
4466
3767
8146
1172
3195
4256
8538
5287
9211
1125
3659
2280
14
3186
5674
6697
3809
4114
5509
964
7758
8115
478
1161
275
2633
6534
6402
3598
1102
3815
7319
7431
6599
7117
2797
250
4978
8834
9178
4831
2043
358
7188
7656
4061
5880
5271
86
3237
1299
9269
4088
3987
6871
6039
6626
9962
3442
5026
5638
6695
107
3429
2993
910
1419
9807
356
927
7385
5325
3614
9912
3169
1665
5106
4084
7952
2894
6394
6817
1086
7312
2072
7327
6168
5304
3893
1780
6552
3733
1928
957
4596
6590
2244
9199
4369
9964
350
2348
3409
6565
2058
1360
9696
4611
6625
7131
422
2691
5489
1545
2026
9209
1569
2157
4884
4752
79
5181
8045
2751
6329
1798
2982
8855
1684
3839
1969
9610
5196
2028
1231
822
7480
3289
2967
9486
8569
8678
976
1257
7327
3602
5819
5427
9688
7552
8976
6866
4854
2791
6612
5684
2300
3637
8916
7428
8149
2099
944
6587
8768
531
1815
675
8140
3653
6874
9974
8556
234
6736
2629
6136
8528
4086
6372
3536
2908
2640
5379
2348
2614
9889
1736
8085
8782
7427
7640
7882
6444
7923
6292
9376
725
700
128
6682
1098
5582
7871
3824
410
4459
6794
5119
1879
7694
5535
2013
2598
6056
646
1575
3856
7176
1071
8217
6
5510
5159
5225
881
6189
2794
7120
9783
1075
4994
9526
1610
5894
9613
9641
682
8804
9981
1002
9531
5511
6616
4260
5361
8491
6848
2073
7975
3325
1613
8827
6832
5235
7110
4628
7972
9122
8479
1395
5884
415
1549
4980
5785
9126
5028
6906
1439
9440
7601
1611
8639
4405
9396
8904
4721
9406
7428
6359
5856
9397
4263
5760
8432
3195
3241
5808
4731
9446
3241
2941
6984
8869
5844
135
8653
5938
3785
759
4475
4467
1803
6007
2968
3132
4981
3486
3323
3972
7639
9366
3855
1778
9679
6363
8602
597
9779
9650
7304
6925
1371
6035
8880
9193
5067
4597
5512
5134
5006
1077
5780
2800
7086
8722
9690
3824
5216
3992
177
7539
4381
1032
4072
4298
7130
2320
8163
5091
7801
764
6287
924
7048
1704
9799
1135
2264
5696
6687
2846
8232
6679
302
860
527
8993
553
7494
7945
6205
8057
4508
2457
1426
2558
688
6540
7108
2014
2426
7934
8099
3670
9653
7542
4609
6993
3034
4860
5134
1942
967
1067
9666
523
107
5474
8006
872
7008
9012
9983
6631
8870
9759
3479
1879
2872
6506
1658
6575
7149
9575
9499
4047
638
8648
2705
6339
5855
333
3457
3809
2443
7484
8873
9857
8064
5386
1013
4780
8676
5653
770
1149
7379
6164
4605
5125
4886
3494
2071
3643
2994
9143
664
47
5162
6897
2588
5695
9025
3663
2318
5171
9472
797
2512
7955
7360
1147
2868
6409
8597
5808
3098
3233
5208
6892
8759
8877
7215
8901
4462
852
554
5683
5358
3098
8397
2247
6551
3035
1541
3942
5513
6577
8425
8243
3708
9078
8255
4746
9494
7331
3031
458
4140
6390
8840
7690
904
9506
6885
940
1043
5984
3836
5374
832
3812
8107
2941
2613
2923
6511
1700
502
9695
4154
4003
5088
493
3776
2091
1711
9118
7183
7413
1020
6209
6024
7186
1110
2762
558
8845
7931
3283
314
685
9220
4880
3624
8151
2747
6945
2034
4576
6825
9553
8328
8159
2624
4876
9288
4769
3234
8381
6239
3670
7229
1764
4732
3897
1859
6951
1613
286
6762
3616
1753
7619
2124
8308
6105
5497
5708
7779
931
8284
8774
1163
661
5181
7713
3687
8187
4593
1973
6117
5645
2738
99
4405
6471
2163
533
1982
230
1777
1810
9354
1244
1125
1310
3266
3521
6342
9132
6388
1270
3916
5777
9392
8775
6447
1207
3603
3916
9918
8202
3178
5515
4171
5618
3160
366
7203
6862
8354
173
1484
2681
392
1944
487
8940
8158
8820
4212
7056
7449
6815
3509
686
517
9184
2299
3797
2978
9056
8268
2390
864
6991
7271
6063
2111
8069
6526
1091
8489
6806
6913
6147
8523
8385
5580
9323
8030
8357
2742
3995
8724
3553
1802
5776
5262
8678
5427
239
9611
1546
8033
8957
6826
1788
8744
4030
5344
3904
1271
7928
7877
3574
5814
9907
5673
1243
408
207
2532
1483
9456
1746
6907
1680
5328
7597
5279
7772
6493
6281
8527
4464
5646
8867
8797
6519
5348
4818
1022
1250
2963
1201
459
7008
9261
5501
6837
7513
9264
7468
2757
7815
8262
1800
1874
2850
8763
5879
4763
9014
5676
4840
2836
100
1722
6268
2685
2786
2509
4271
334
5231
7621
4434
3823
2903
7948
4086
8755
4959
5704
1110
3221
5678
8588
7777
8475
7209
1182
2115
9159
201
7267
7712
2845
8538
903
7612
2142
5827
6857
4970
6642
573
7858
3758
8629
9265
4310
9473
6824
9267
5907
1009
4600
5397
1478
770
268
5833
2286
3269
4407
8791
9384
2756
942
5127
7961
8471
7092
3388
9322
582
2896
350
5981
1467
5968
2177
5150
5922
6919
55
7557
8561
7026
6575
7736
9166
1592
5784
542
8674
8815
8406
9422
9448
8396
559
6677
2833
82
451
3094
6807
3020
5446
5211
5420
1781
8444
4570
9550
52
2303
9588
3481
9542
8352
7623
9626
8195
6648
5634
9356
4531
5705
3689
1665
6969
3494
8606
6445
8765
7835
1199
8594
5208
4779
1776
36
7320
9396
2925
3545
2628
4753
7313
4751
1065
8236
9893
6185
4194
1725
5664
1495
694
6644
76
8018
9755
7679
7337
5345
2681
8408
6235
4890
970
8110
2415
7736
3965
9583
2443
6998
6137
2895
9379
2117
5743
3911
1319
6864
8520
5293
8649
425
3485
1227
2205
9295
1414
6079
874
7615
9818
7311
8781
612
3365
582
3708
1837
1384
7567
632
8489
4217
6237
1979
801
4283
9029
1217
8402
7833
4250
9604
4293
4204
3986
2015
749
9389
6793
4916
1149
1939
6002
7961
6963
45
1589
6812
7317
1804
2554
8584
6934
5368
5441
5712
3237
627
5627
8215
3907
6906
3400
9330
975
9783
4846
3830
8911
6292
3282
619
8285
6986
4919
8930
5452
1975
8080
4019
8453
4926
3939
718
8946
6808
2093
7939
2134
7289
8764
5550
3224
4654
7692
3258
6410
8497
5713
9702
1242
4335
9086
548
6452
7537
8193
5214
1073
5878
6795
7892
8785
3538
9519
3888
8049
351
117
6843
1384
3346
6844
7784
9860
4121
4442
6462
8076
8112
5569
2451
2193
8098
497
51
7574
2701
7795
2432
137
8846
5513
6947
9837
5180
7440
3457
8517
1168
6175
986
6655
5682
5919
4298
4283
2447
6294
6146
1639
2054
4929
7281
7640
8402
78
4939
2535
3361
2580
4300
901
3028
1359
8374
5821
4511
7755
5093
4853
464
7101
6100
1007
9100
8857
4073
8242
325
9443
5723
8288
7896
693
276
9252
50
4490
2833
5227
8963
261
5302
1564
3290
9873
8110
4388
1728
549
1648
3042
1858
8227
910
2892
4421
6606
9127
3692
5214
1782
9868
7003
345
9426
880
8169
9735
5048
8920
838
485
2539
3058
1055
8743
8562
3634
3240
5331
1649
8582
9218
3562
6038
7467
122
4369
2563
202
9102
142
6307
9546
204
8303
5482
3017
7801
7811
7053
4565
1019
2124
7755
2772
5428
7100
9335
4787
5611
8236
4099
8940
4825
5212
2522
7008
8108
3924
8090
1908
1307
5577
8093
7881
8935
4540
2291
2083
1226
236
8205
2091
2352
3756
4792
5840
574
5742
6227
7448
2563
3647
6399
1460
1753
7660
4803
5601
3000
8466
4793
4715
7448
8644
1001
6940
7776
6869
3759
2338
1472
1669
3211
1471
9799
6696
1813
9722
3362
1026
3083
8882
4962
8863
6377
7299
5881
2015
7412
8145
2864
8958
9699
993
7864
9874
7130
9015
6587
45
724
5706
8158
499
4524
6964
6294
8357
1656
9270
5459
2396
4643
408
5917
9665
9126
3533
3274
3528
7138
6757
6474
4238
6380
2364
6367
3783
5061
7872
2796
9978
2117
3679
1624
9625
3988
3647
7311
2903
8533
136
3686
2174
8399
6332
8441
6409
8808
9862
8450
1900
6737
80
952
9268
8984
5694
658
1448
6254
9080
1590
9742
9286
7798
5171
9163
614
1315
1447
930
9502
932
8590
7326
930
7490
4376
8811
5349
210
8949
78
5940
9814
8095
8740
8428
7693
3636
552
361
3029
8287
2366
9628
6065
4786
8557
9143
981
6114
2314
9016
2062
4015
5951
3121
6479
9503
3258
5120
7526
1014
8657
1200
5469
1187
6644
3514
2620
7562
6619
1273
4315
5081
9886
7833
5237
2522
6020
267
6857
5588
7138
3768
6010
6782
5877
4319
6534
8145
7179
6381
9012
5241
6892
968
8086
7912
7526
9496
478
7479
646
323
8269
7274
4834
227
807
3582
7378
3525
5522
5937
2624
3313
1596
8302
2453
9153
6828
2884
6754
6960
2673
6978
4704
7009
1256
9170
4671
8041
1033
1823
8043
9402
6704
1044
2333
237
8265
9074
4142
4442
5172
6893
8134
1943
6857
8884
8434
459
9397
379
2499
4926
4290
1287
7795
5711
7572
2101
4435
49
1952
7831
9392
2867
6199
2588
7461
6955
2192
4107
6377
9870
9220
6012
6056
798
6963
3155
2128
9456
7076
9337
9266
425
6649
8873
8216
3670
3201
8196
3974
6228
2775
2370
2505
434
8311
5158
9564
4961
145
8844
7513
9460
9158
7073
3596
9466
3343
1007
7763
278
8606
7428
8578
7943
5564
4014
7092
3273
8833
8325
5003
7815
8417
2037
9944
7914
564
1110
1846
6163
2606
5977
7601
625
7181
9010
5028
4176
4322
3997
7632
3374
3798
1278
9032
3371
7197
8857
3881
9852
1448
9194
136
2348
1332
9619
4211
2464
1120
7264
3321
8437
8685
2791
7685
697
8078
7185
6501
9122
5070
3744
9162
5295
1280
6237
1736
425
418
6879
9421
6005
9771
2137
2543
1353
2131
1584
2029
392
5186
7159
7911
9932
448
5178
1562
7039
4524
5204
9667
4390
2728
6733
4837
5451
6305
5699
1110
9301
3165
7443
1043
6662
4173
8868
7124
9425
6290
2065
9003
9349
492
4737
2277
6523
5965
6245
7827
1656
8940
9069
9618
7823
8133
5575
9622
1015
6669
2773
5318
6435
1956
329
5120
8628
2035
6864
4317
9000
9317
2329
4319
2268
7346
9505
2551
6694
8022
9580
6612
3752
4161
6465
709
5505
1767
7618
3936
4342
455
5287
4635
152
2825
422
8039
5330
9441
3345
684
5458
6928
4861
8527
6497
8585
5834
4385
1457
1681
4403
5665
9490
4320
1092
7634
7824
1860
19
5207
4877
8244
8541
1466
1063
8930
6958
4604
3333
4682
4539
4038
8851
8407
6704
1359
4680
437
8337
4614
2640
2097
1727
4767
7003
5484
5770
3435
2385
5630
5805
9439
5344
8088
3163
9111
6467
8642
7523
7571
5009
6210
8962
2639
5152
8494
1878
2625
5556
5177
5835
1772
9735
7401
6052
3953
8598
1914
5063
69
742
7403
2757
7581
7010
4005
6244
6645
5986
7724
7435
2849
5673
638
5850
683
2235
2585
3060
1403
7193
2809
5994
8085
9707
6447
3477
3851
5512
317
2207
7795
101
7981
5982
8516
6536
4546
3934
2682
9303
9174
4810
9353
9586
9778
8679
6109
7146
332
6925
3568
5677
7371
2211
4917
3599
4438
4534
1586
1621
538
7445
9691
6129
9946
604
376
6358
5809
2716
4296
4199
9843
5603
1951
5008
4897
4653
107
8224
2555
4166
4228
4466
9424
7514
5234
5158
9649
7900
4201
6049
3428
5007
4175
9790
1509
1796
2942
9487
1702
2145
244
5876
9318
8810
7175
5414
4608
2927
2583
5681
7626
3170
1084
7324
5886
4355
6670
726
9926
7882
8596
1215
7856
9856
3604
1776
881
4922
8488
2312
7846
1810
7586
7396
6533
4468
134
8697
8210
6099
6630
8929
9150
6613
5387
5568
761
9538
2574
8563
1208
7508
2631
7892
3954
4843
8989
7179
4612
9376
2780
1812
6357
7860
1653
6937
4035
4388
671
8189
6188
4075
1659
8709
8649
2532
3013
9826
1188
5162
6
6607
4763
7023
6391
6515
1853
3989
4432
5060
2785
652
7214
2665
8742
6457
2131
7929
9044
3119
6134
6133
1697
6620
8236
3135
7792
195
1247
5174
9940
929
7594
3327
9411
2574
23
6578
9493
5218
4975
4733
2780
7170
7457
4169
621
8694
5310
6007
6764
6104
2448
9798
150
8282
8059
9621
3735
5044
4860
6191
5117
5290
4814
648
8676
3142
2683
9442
3087
8407
6879
4124
4360
1557
7832
3416
4559
8783
2330
4376
1423
9011
6384
3812
8718
234
7277
2474
9411
6429
7776
6466
2513
664
3829
3613
1986
3882
4408
7482
3951
8294
8612
7540
3451
3993
2202
1932
256
5464
1837
5870
4977
613
6138
6898
5950
845
5077
7186
710
1010
2271
3299
8023
2912
2884
5778
7281
9598
2736
2044
1640
3524
5202
4697
4408
5539
4104
5846
5427
1284
9562
2606
5302
8593
2163
2133
5770
7642
2905
3233
2133
8822
8350
8741
1761
2167
3071
6747
5781
8279
1321
4093
3455
9860
5884
3632
8275
7046
1768
4957
3229
8745
3140
2333
9474
1740
6301
2417
9701
3524
3419
7211
2981
6781
6064
5837
2227
6159
8409
2732
7218
169
583
2864
7543
9276
9831
3099
9536
7238
6845
7203
369
9722
3984
4126
2761
6825
3070
2297
9011
3423
5488
5301
2136
5916
4361
8494
1250
3021
4024
201
1004
1494
5884
7066
4133
1583
583
2512
7091
4488
1531
2845
4468
2698
6962
7141
3647
2812
1002
5010
1433
7119
940
7953
6788
5910
5581
5614
8146
1989
6558
3367
6791
9140
5742
7871
4956
992
9376
7585
8192
6944
487
5951
3049
6927
7261
2486
6456
3274
7891
3984
5099
9655
6275
3909
2699
7968
2961
1550
6422
5595
928
7593
1911
919
9569
7026
4449
1445
4597
9188
9307
6224
196
6524
1653
9803
4119
8021
1768
854
9887
4150
5164
1564
5192
8196
179
1341
1896
2725
5106
3154
1202
6643
5632
434
6263
5944
9959
6176
2716
476
7368
5007
5830
8873
187
8467
9842
8983
9843
3461
5297
4073
8592
5875
1744
4994
6878
881
1382
9621
859
3168
6743
2073
982
6601
8694
8149
1155
5927
7223
4525
4171
62
7314
2633
5440
9211
4883
4366
1022
3450
9534
588
9868
3038
7695
6244
1138
4737
6640
3987
2005
664
3556
2943
7166
7761
3617
1628
4664
6796
4587
9436
3048
7171
4778
9905
3719
5575
7261
896
5483
2185
6536
6148
4740
9938
7929
5116
2850
8352
5561
9666
2403
3325
2654
2265
3194
445
188
3730
6155
9572
795
155
2211
2561
1460
9637
8837
7899
8038
2752
9855
2055
5109
4085
4075
8579
6418
3472
1217
498
1621
8632
2650
5397
5382
7292
1983
4626
1212
4203
5888
5059
3149
6960
8736
5277
4916
1769
3742
4395
3840
3474
5199
1287
1609
8339
342
4389
8349
4994
8405
9388
8041
4166
6653
370
7667
1130
8498
4435
3796
1594
1578
2637
5475
7006
3684
6074
6748
4032
8437
3547
2736
3498
5357
6094
1190
6641
4072
9612
7407
1496
9009
562
9351
4915
4593
6857
7559
1849
9301
5364
3816
500
269
8470
2930
1593
7729
5357
1474
2158
8846
1679
4458
8237
5742
3855
5538
2756
1190
4556
6508
309
9
3223
4901
4065
2201
542
1704
5612
6029
7066
8716
2301
7518
1537
4942
8389
9948
3177
6601
4633
7374
5626
9377
1661
5319
5391
9840
8399
1267
153
1800
1198
6544
4703
23
4933
3594
2965
5112
1895
5807
1560
4245
4856
9233
8372
442
6534
5225
2866
1974
1667
3593
2210
1835
3136
6186
3808
4612
2455
8404
3094
5654
8005
8172
3246
5359
9922
3255
8146
4315
4494
3821
8930
6694
6506
5289
9265
4764
4945
2925
4717
2907
3313
3794
1993
4106
7177
6493
2441
6771
5408
4924
9449
4683
767
1888
2697
7507
5757
4277
1577
2199
1910
8125
3021
4611
2807
2283
2238
7190
5384
6074
2605
1774
8150
4318
1732
6483
1740
818
5579
832
941
8512
7204
9451
5265
3744
7268
5110
4922
2104
3406
542
818
369
6381
8721
4866
1578
3069
7213
4961
9110
4183
7027
8407
224
9096
698
9565
4831
9372
431
4644
4052
7420
282
3854
5472
1858
2621
2428
4531
4804
8021
4325
9711
7909
5779
8400
5675
6740
4404
2575
6947
366
1484
4712
9373
4439
402
8864
2950
928
5381
7174
6203
4997
4508
9402
8756
5159
7754
4200
9914
7713
8624
7909
7929
7993
1709
5461
5281
3045
513
7494
5446
3926
3599
7276
216
262
9584
2602
157
2986
9044
9946
6553
3716
4532
5785
5456
1015
9187
7266
6226
5063
9987
2837
2437
3645
8547
532
8353
9157
6934
8234
4020
1844
7039
1304
1222
9481
8856
8878
9638
7742
4899
674
6227
6299
983
4191
8184
9991
2668
1437
8319
7900
2273
3625
8614
8294
7962
2818
9838
9880
8184
4511
7871
5004
4193
592
5898
9620
6974
9903
2695
8945
579
7923
1997
4975
3849
5297
5888
3531
4535
8334
4148
4866
7792
3926
8143
9816
8581
2082
9741
5922
5211
8554
6973
4352
695
3591
9449
7578
3062
7619
6371
5030
426
1872
7978
1779
4238
6993
8972
7510
1898
953
4741
478
1154
1854
454
7814
5432
682
2833
3382
8355
9486
6305
6166
231
3074
2790
9505
2995
1421
4157
2290
6202
6654
5295
7469
5881
8117
3888
7564
4680
577
8535
1988
8412
4695
8270
7252
360
6315
8447
7610
9203
719
8494
258
9413
8261
1030
5707
2971
7122
9963
7192
9146
6337
975
9232
8208
8672
7264
6386
6213
2475
9454
3272
6737
3988
1674
8631
3608
8396
6506
4753
7632
4065
9482
6343
5763
4195
9180
4318
8992
7204
1504
9804
187
8828
7646
2543
6453
9574
5040
3739
9350
2459
4893
5550
2950
9865
8176
4514
8396
9599
3639
3902
8558
504
3752
4169
1191
1825
5165
4588
4486
297
6016
3539
4211
1540
3154
6288
9692
8076
4660
1275
6526
1412
9081
6890
7312
5898
1283
6249
8296
2793
1882
2471
353
5784
6363
7341
324
2499
9117
4346
7491
6659
8095
2352
3429
9565
6636
2965
3083
1764
2401
6295
5345
4331
2005
1248
7921
3195
3191
689
8545
3277
9222
9454
2844
9974
1721
4550
8926
1404
9023
7085
6777
1944
5392
6151
1957
4666
2643
9459
5444
5539
7273
2194
5412
9092
4534
4531
1197
8529
5168
7917
4746
865
159
1800
2516
4676
3733
7208
8122
5425
3607
6855
4029
6843
3737
5421
584
5024
4409
5599
6461
2574
1009
6097
4330
5138
863
9257
8506
894
6514
2754
2807
918
683
7033
9998
8664
4595
4488
4107
2646
2507
4685
4019
7969
1741
7702
2609
1203
8818
5035
984
2840
1101
9399
4007
2970
3637
2580
746
2104
8513
1731
3437
6179
4203
1557
155
1045
246
1113
2725
4510
5436
5379
2591
8956
2256
580
1764
6518
3235
1340
1193
4677
9666
1033
9775
8016
3564
5754
1666
4866
6145
2900
8815
5658
149
8864
8258
3103
5524
7968
2365
4094
7712
2316
8180
1041
7910
1950
6613
3630
9551
8998
8566
4873
9266
938
3463
1527
887
4941
4678
4896
3718
8538
4897
6208
2573
8142
8613
3898
7744
176
6181
681
1243
2638
9255
9397
9715
5957
9737
2830
8219
1500
993
8137
787
5310
6578
5172
3114
4530
9337
2406
148
1369
1047
6568
1414
1587
1978
5355
4446
9630
3588
581
7280
7596
3532
9755
1643
9743
3523
4668
5851
692
5119
7783
1911
8410
1908
762
954
8157
2145
7497
3695
2051
5558
1383
133
6019
1923
7716
1586
5933
123
2227
2756
4361
2167
8087
5570
464
7911
6154
7394
9569
5716
9465
8596
737
769
7198
8746
3042
2544
4107
7163
5598
6609
8641
8701
5777
1732
7883
7520
5569
239
4010
2970
1931
9372
7869
301
8634
6506
7660
5524
7270
8388
9762
8908
4583
7726
9972
4864
4869
5003
7874
8908
2574
8988
7897
4851
9923
2963
5539
2028
7471
6709
6380
6103
1316
7006
6753
1902
692
9359
7047
1782
233
6610
1461
5397
6081
7310
3296
253
5850
886
2545
2550
3942
9211
6516
7034
8139
9122
1216
3018
8698
1057
6686
2190
8889
2
824
3658
4351
6698
2591
8700
1884
3043
2761
7937
2739
6453
9253
2487
757
6404
8412
8845
5162
739
8582
1047
1630
3718
262
2734
294
613
51
7572
366
7836
3668
7205
6833
1215
4088
8137
4852
6939
447
2406
9231
7032
3352
1474
4249
8475
247
8966
3935
423
8994
4718
7440
2483
1577
9884
1240
1191
273
3805
9831
224
8571
9635
7646
1299
1941
3314
7253
1358
9708
4422
8812
474
1564
7025
1580
5837
6439
3587
1656
8699
3886
7201
8582
8205
7662
3032
7172
9082
9593
9340
2920
2641
9168
7449
6937
4585
651
3530
8659
6352
8869
6087
1083
6255
8230
2809
2480
6191
6558
3385
538
8180
9051
1879
4882
3383
9432
4503
7324
1378
6482
2021
5989
5253
8503
2569
7590
5285
4877
8805
8386
2084
7101
3324
802
4092
8410
1085
7482
9540
3906
1692
664
3413
8224
2786
5176
3606
7754
5547
8823
3860
3358
3405
9570
2350
8564
6280
8298
4412
8144
9097
3462
3327
9768
3512
3173
2851
4492
3826
3775
4850
1894
5857
7174
6210
3007
6534
8206
6046
5290
3785
7430
6259
1378
8488
6739
8976
4572
5227
8488
2145
8584
7080
7971
9301
4042
9953
9094
458
4671
7451
9025
75
9870
4410
7641
1200
1836
3304
6871
5971
5052
4741
5647
5907
6929
7257
4011
5361
1377
7908
4356
9320
8265
8214
3965
426
8503
5930
7036
7685
7448
3005
1909
2932
9262
1053
3908
721
7772
3196
6599
5673
3730
116
918
8072
6128
1652
7152
5699
2985
6201
2163
8357
1446
728
919
8529
6659
2647
2152
3062
9754
7115
4255
8561
5514
9980
7772
7115
9907
837
6945
8579
9041
2856
7533
9959
5619
1518
6804
7580
3239
6300
9800
1549
8996
3825
2295
2207
8099
540
6368
1555
410
5818
3666
5221
4806
7085
7604
1650
3605
9816
9323
3206
7374
4502
1355
4099
9485
683
9036
2926
4095
4690
3992
3251
3622
2166
4287
4696
8969
5405
9608
7183
9660
6333
8452
5125
2103
7906
2336
840
8005
7256
4183
2166
9916
8387
6465
3776
9763
6494
6525
5117
4245
5424
1990
4971
449
7626
2500
9600
3739
5885
4562
8463
6867
9945
6808
1414
5744
6993
5573
2115
5064
8218
4330
5607
5439
5105
9109
2179
3065
3948
2073
1279
733
5129
8903
3417
5577
4626
3643
75
8172
9682
1669
3205
1716
2834
9249
3913
3365
7660
5174
8758
7618
8353
1464
7004
4395
2902
1803
3711
1747
696
6293
1558
7276
6624
3293
3202
6337
3682
3254
7756
1696
4511
5042
4375
7907
1531
2469
9285
842
3033
6616
5958
7350
1922
485
7850
6836
8564
5670
8088
2948
167
4917
9111
165
7435
3695
1689
4126
4877
2106
6776
988
8856
7551
5305
1299
8344
86
1709
5139
314
6414
9781
2473
6176
9861
9414
702
2289
7418
242
5824
3804
4860
6134
6283
9740
8926
2147
8932
375
3227
9539
2946
2881
624
2317
7977
1279
4010
7012
4772
3637
3788
9961
9086
2992
7052
433
9598
3999
891
4770
8541
1420
8976
4247
6948
2521
7569
4322
87
3334
301
3809
4424
7246
360
1177
1097
6625
803
3823
1474
3661
2519
7494
8603
4981
8110
2962
678
1748
6095
5371
4269
6074
9556
5517
1027
5957
1113
6284
474
8555
7507
6149
1216
9508
2971
2016
2374
8884
422
2626
6768
8582
9970
4158
2370
7092
9631
6843
5804
6162
4551
593
4244
4363
3227
413
3069
8020
8156
9908
1553
8604
4515
9509
9344
3701
9229
5254
6821
1468
1031
1840
5153
1891
5490
6855
3431
8097
4882
4097
4691
5215
4841
3625
4424
9475
2843
4763
5300
9801
3213
7631
8194
8013
2911
4195
6539
3990
2836
5056
7530
3788
5114
5455
2203
8714
5162
3044
7247
5806
9581
184
1071
4910
824
5813
5547
4117
6166
811
9918
202
5633
8384
1615
8481
9421
8659
4950
1499
4145
9313
7480
8313
851
1329
9266
5374
5678
8170
366
2994
9138
6932
8405
2178
2873
4923
1265
2565
5201
3632
1725
5706
7595
5611
252
9341
2575
5435
9715
3320
1338
813
6676
6710
3845
1051
1320
2003
1171
6891
8184
6223
9079
1529
8471
8289
6255
8191
8863
2712
561
4480
2007
8701
6928
6356
7919
3604
5227
4045
4984
4706
2610
5753
8322
1368
1414
6816
3202
7565
3628
1021
6064
5386
6110
1642
8571
8926
4286
9172
8041
3458
1752
5709
4511
2647
7939
1488
1642
2107
1331
7439
6743
859
2030
4376
8309
5058
9928
6214
4389
1440
4382
196
8603
9670
2364
5660
7140
8429
5115
5741
4051
6694
1819
876
8074
2140
2600
3345
3153
277
4108
5266
7686
6248
1825
4494
2930
7049
7425
4975
6868
5664
2012
1954
492
7063
7589
6483
9734
8946
5978
8241
5248
1928
2366
5600
4186
6176
692
2766
1945
7719
7530
7037
8760
6350
9408
4303
6380
6288
5747
3984
5907
2913
379
2925
3640
7586
8029
306
8965
9152
6493
1473
533
5502
1860
6175
260
2791
9226
8936
6438
7717
6481
7651
4769
7855
7997
2672
8937
9276
6883
2365
4038
4887
1181
1992
5075
8171
6088
8959
7381
7885
2138
6035
4854
8793
9171
7179
8653
3125
6495
4037
1308
2130
2949
8215
8294
5776
1039
1428
1531
9601
8022
2250
1585
4934
9481
919
9216
3029
330
6412
4426
7340
3237
1610
9878
1839
7422
6025
2456
3214
6214
840
1982
9986
5481
6542
5897
4550
343
9711
2758
8386
798
5850
5688
1762
96
6143
932
4981
9782
6014
937
8481
4945
5002
1098
1604
7672
845
569
9926
755
8613
4481
9578
6435
1036
9136
9555
604
9381
6751
5715
2912
1506
7072
5631
489
3427
1203
5662
5058
3785
5701
2368
2754
264
9157
940
5751
8266
2244
3553
8251
6577
5001
6958
8837
9797
9486
2765
4111
1547
5370
3657
8399
4870
2348
3873
4645
39
4384
9525
128
2432
3330
2749
6285
8023
8428
6793
4189
7110
9277
6435
9601
6607
4969
769
6581
6764
7255
7862
4550
3332
1259
6744
9457
1642
4064
6060
6154
7088
3617
5901
2678
9545
5140
3756
5893
8667
8995
2754
5679
9267
7417
0
7594
4307
2198
4295
3285
7542
1711
6660
8164
7524
5221
7699
2329
8273
9248
8628
7691
3024
4183
5547
8758
1094
2159
2385
271
2153
4942
7193
7857
9334
9194
9725
7689
1217
83
1141
9898
9559
602
2409
2366
7872
6221
5087
1099
3281
848
2670
9693
8125
425
3619
6965
1003
8439
7968
5918
2483
6048
3986
4199
9411
1510
8508
9154
5390
9510
8127
4617
6499
8189
9819
5239
2795
4886
8095
1082
172
6036
2124
3683
7563
5193
7128
9623
8606
6497
78
3142
7871
5790
5058
837
7373
2624
2434
6922
5805
4080
1816
7076
3421
9962
2781
4244
8393
4101
5944
9995
983
1057
6083
4786
6268
2859
7758
1728
2290
4943
4237
4748
161
7339
6572
6655
3017
380
6835
148
6098
1704
3205
3920
7915
6695
7986
9592
4335
4046
9021
6963
3189
9161
1495
2413
7798
6629
2938
3124
6442
8119
7138
2195
5467
5740
7765
5785
4843
4430
1092
6085
9298
5040
1449
4864
3823
4359
7200
4935
9039
7973
7219
5780
6412
5218
1741
3912
1468
7641
4976
8567
7291
4396
4945
7280
9363
9157
9777
4199
247
5915
1031
6064
6591
61
5753
5802
3710
9726
2586
5430
575
8781
2013
355
1550
8815
5607
8152
8899
8379
4803
7373
6633
1890
3935
9270
9756
7114
2659
3292
3649
4917
7234
4090
9679
4418
3592
6865
9307
896
5284
8648
4963
2682
5616
9940
8768
4036
5915
7472
4238
4225
3783
9065
3511
958
6926
1337
8907
6862
3199
8510
8844
6194
4711
7541
806
8388
747
4696
6236
801
690
9090
6541
7314
8463
315
2502
1381
171
3349
8385
2013
2833
6849
1082
8818
5699
1502
7474
6869
5515
4831
5773
6325
2955
7784
1095
2103
3078
8053
8467
1990
631
6615
2099
6935
7423
2748
4371
4471
2765
9354
6896
5795
549
6135
6839
6244
4611
2872
4311
4661
7048
2020
2328
1970
4659
6404
6309
2527
1052
4778
5301
4386
1305
9291
1656
8430
3155
7147
9469
6316
8371
2419
4592
7976
4998
5489
847
1910
1136
9340
2750
960
9916
5665
4225
7533
1153
7024
5639
5903
3313
7517
7958
4328
7163
9219
7601
8986
1968
1227
7030
7546
2179
7877
4787
4688
4521
1681
3577
8814
4911
445
8857
3595
9675
811
5451
2298
5579
7069
9662
2652
4762
7280
3402
1182
5281
6546
9408
1744
7642
2930
3411
5012
6047
1731
4288
2079
8545
3516
920
1055
6405
3711
8206
5001
9304
5028
3004
7790
5604
7953
1344
3961
3674
6568
4948
6984
5423
1741
4139
3252
8692
8850
391
2606
7709
9538
296
3320
7411
4358
9743
3630
9492
4135
9072
9487
6968
6657
9622
8252
1983
6159
800
6491
2518
8585
5513
2712
5305
3479
7926
3353
8306
8625
504
5852
495
7925
4849
1808
4098
595
5923
7053
5554
8568
6852
6801
5470
8149
5278
2295
9378
6252
7554
4182
1330
5063
5069
3139
5203
5605
7699
4180
3369
5329
7432
5187
5291
2720
1294
619
4835
7175
5864
1473
1473
9015
8556
50
1711
7158
4775
6725
304
3979
7515
3453
3025
3830
612
2894
3985
6057
5928
8873
6157
7367
7212
6661
9236
7960
1811
9100
7145
1654
8481
7375
9975
8935
5822
4391
7023
967
5175
7881
4988
7649
5678
1173
4920
5929
4929
9084
4615
1354
7224
2923
2417
839
5448
2152
3950
2320
629
3832
4073
4371
804
4826
1287
3180
5294
8308
209
5963
1088
1512
1660
2305
8015
1426
7594
6006
4233
3505
137
201
4311
7263
8474
6101
8847
3471
4284
8317
3814
4018
6663
5508
9443
2966
9716
2571
4686
252
1465
4920
6023
6644
8147
1231
6387
7623
9148
3312
8240
465
8188
2668
1530
3849
5531
341
5607
6798
932
7986
4636
8543
9094
844
4739
871
7092
4935
2708
5988
8060
7552
9968
5155
3909
3088
9932
9081
5729
9498
9114
1360
6930
9431
2036
2044
7721
7051
8226
2905
3689
9571
1979
7459
6538
4398
6311
8530
8410
2549
67
3056
5485
8888
2078
4391
1621
839
4896
4700
8526
7977
9211
4050
3168
3869
1721
333
871
4219
9765
9460
6815
1509
4326
6898
5672
2607
8453
2841
5161
6168
3391
9715
369
5508
9478
1030
6361
9016
7411
35
7846
3714
4038
7228
3642
9650
5886
592
5018
4824
1587
3716
330
2011
9377
303
8852
6195
703
210
2759
741
5773
3714
1564
2169
4941
691
820
5608
3639
787
4606
935
9552
2161
6741
4811
6278
7688
2229
6184
8194
9035
6238
9594
3952
2143
7297
3583
7194
9439
2935
9599
1040
4464
2993
3721
9732
9731
3530
9451
3826
1440
3497
3981
4541
4020
99
1323
9125
2586
7229
6061
7188
3695
4335
6501
4935
1589
7939
1173
4954
5942
5645
2218
2892
7059
1029
9176
1698
9960
4879
7780
4775
5597
2492
7016
9233
4364
9561
8454
7055
2537
629
3037
9982
3523
2945
4833
4971
5030
6575
5994
1795
6122
7709
3979
8710
5100
1867
7420
6617
8375
8967
3751
5163
9023
8746
1468
9936
1178
4844
4321
4841
9371
7666
3770
3044
6683
3704
9216
8383
2198
9145
1569
5048
368
1083
3269
8096
8898
5192
6008
8575
1573
1366
8712
1985
9658
6248
7613
717
9267
5742
6640
790
7569
7784
745
7178
667
7752
3129
4552
7480
8500
8976
1646
2698
3274
8572
9873
2599
5135
672
4422
9765
5424
9036
909
6689
1626
2254
7597
9148
5044
9093
1962
8690
3242
7038
4643
4008
6789
9869
3272
4849
5653
5594
9049
7006
5504
4917
5562
3040
229
1559
899
1835
4601
3927
3043
9433
2643
549
3300
4391
9155
2182
3273
9088
5052
6029
7012
3028
1891
7315
7701
6213
3679
1746
6701
1022
5840
1124
5793
5649
7949
3826
6793
3515
2277
6156
8439
8789
6743
4613
6405
1130
1901
7927
1240
3168
9699
3546
7217
2373
1910
7196
9154
9608
3527
574
8206
1344
894
5467
8856
2061
2844
4966
5869
5913
6777
3647
9662
4987
1211
9233
1062
4248
8760
5531
4442
7238
6835
9673
9630
1390
6674
2750
5844
8237
7888
2144
5919
3479
8030
5920
2870
2217
9125
5541
6724
6090
1159
9396
2907
6012
7155
3422
6505
3845
2375
5238
3091
5109
5055
9213
1631
5363
2603
1836
9134
4760
9551
1614
6261
7544
4245
9495
9276
2504
9677
8548
9759
1632
8100
6960
7427
5983
6050
5297
1731
2981
7677
573
2616
1730
7707
8172
4023
7064
2309
1947
9828
895
8072
9866
7444
2501
3797
1827
9136
4863
471
5703
3797
2817
7908
7799
3449
5958
4445
3868
2680
4749
64
8771
9996
3968
6781
7128
2123
2210
949
2702
2106
5092
6206
3737
3327
1587
8867
3976
501
5586
328
3426
2505
3232
4204
7836
3809
8470
3239
1332
5515
1567
5874
9469
4115
7540
6822
7927
5695
9827
1277
5514
5733
4587
1013
2239
1580
7223
3427
7579
719
4133
9860
8329
9646
2577
7326
1283
3135
8962
6885
2269
3234
9217
5113
2654
2514
3922
1533
2667
4022
177
4514
8034
8488
938
3090
3312
9725
5220
265
47
9571
7051
2110
4288
1321
3336
2703
3809
2631
5408
7162
763
2143
7686
936
2042
9323
1517
9443
1417
4422
3935
4377
5898
647
6403
3865
9280
6439
1182
2041
5289
2868
3800
1434
2666
7966
1514
3300
7433
8766
5905
8635
8769
8839
4050
5971
422
1620
458
5919
8710
1425
3392
6100
887
1446
3690
7501
2018
4382
6329
3736
4604
9718
3218
3133
3181
7936
3945
9727
6527
3911
5276
1515
645
9757
5689
813
5141
5889
6253
8706
6868
8332
2347
1337
7452
298
7493
6402
8588
6389
8089
8184
3916
8237
1627
3211
2508
9909
7787
1733
6616
2647
8691
4319
3642
8647
8368
6652
8956
1140
5178
7235
4471
8619
8817
3450
3774
7286
7622
1197
96
1442
2947
3006
2942
2350
7256
8887
7050
2271
2115
59
9559
6496
3483
282
4307
9191
3705
67
5742
1203
9460
6276
2597
7953
5511
9628
5648
9358
2993
1618
340
8583
3113
623
5
2444
3596
3702
876
3219
757
1555
721
5144
3399
1809
981
9202
3402
198
6975
5553
4207
8761
5249
5940
3250
5284
9622
1207
9915
2804
7546
6841
8161
6957
9478
9819
4348
2555
4166
1493
8181
9139
9817
7026
7388
4088
9493
6444
1782
8905
8484
4723
5073
3095
2159
4006
7413
549
9781
900
1224
2504
5896
9580
5070
3230
8516
6880
1084
3098
2108
7688
8375
4061
4564
2755
830
1330
357
4136
2513
9648
7152
9659
8476
434
2130
2076
5716
3778
9184
3977
7964
7345
144
8499
2292
4548
3027
1934
7903
713
5379
7281
8672
7735
7188
2510
2241
3939
3770
1612
9055
9487
5064
9439
1749
3757
6864
8681
1587
1617
9548
8522
6378
820
3671
8291
5879
9013
792
681
1514
8073
1068
2340
1026
4804
2800
727
1480
1952
9624
7610
1044
6970
2783
8211
3951
6908
7211
7155
4406
6068
2876
8700
279
3172
5169
5664
9628
5251
2182
1493
3841
1825
2366
7653
9187
3063
2378
9346
7079
349
5443
7655
8181
6789
1833
4265
8495
5428
8152
668
2641
5425
8628
6690
4951
9350
4978
8894
3637
9652
5330
5367
871
5731
5164
1896
5206
3814
454
9300
6020
637
9343
7719
5332
3972
2667
7399
9145
7353
8780
6057
2777
1259
2713
4720
9261
6973
1949
929
7832
3914
1471
8034
2273
6467
7882
8752
2655
2580
2824
7728
9793
9716
784
7501
8919
8491
72
1920
4992
3102
6537
1086
7744
3861
8494
8331
6606
606
9960
188
248
5819
3106
9450
5363
7526
1867
2130
9187
4852
8005
7210
3042
3255
9177
3518
5329
350
7717
6312
825
744
7412
8734
6428
9157
9624
4326
7581
6989
4950
4100
8393
7609
3965
7076
2672
8591
5957
5794
1332
7740
9664
6950
7549
4458
7584
5582
9798
8609
6357
3012
2696
346
2145
1151
6320
6894
5706
1589
7023
93
4314
333
911
4890
2871
3138
6573
2211
666
9924
3112
1919
6446
6105
5956
4640
5079
2961
5434
6424
8605
247
1584
184
2979
9811
7376
996
9912
1308
5480
2674
5066
3339
5966
5025
6561
6507
1022
278
1135
8444
1473
561
9122
6230
971
2030
2452
5819
8114
1912
6416
1285
8742
7320
896
8991
7009
507
2951
6416
9644
4945
6104
6145
5339
1330
1009
5712
6838
2523
5112
8685
8245
326
7841
466
3368
8599
9273
6335
8944
3955
4194
339
893
1916
2571
7207
997
1751
6282
1252
8030
7854
1961
9909
7944
544
763
7655
6810
6582
5097
4524
8919
3794
350
5487
1805
1472
2539
9570
2474
3022
967
2228
9819
1464
7815
9262
3650
7308
870
5036
8451
5372
2545
5193
11
3393
1362
9218
5278
8188
246
