45587	5
40015	11
25470	11
46923	10
31095	7
6127	8
38098	1
34818	11
1905	7
15972	8
49807	11
39312	6
11290	1
36287	9
30037	7
1820	12
6772	12
20948	5
4866	6
21522	4
7685	5
34025	1
7841	4
22934	6
23709	5
7228	11
38870	3
36306	10
8029	8
7735	11
3675	5
44267	1
39952	8
49769	11
40031	4
16802	11
39171	3
26179	8
13835	10
3967	12
46271	6
7309	11
5739	4
69694	10
39536	11
39145	5
71125	3
4291	8
43783	4
39837	11
19172	3
40524	5
12467	1
31397	5
34121	5
4950	11
16885	10
38517	6
29277	4
32989	11
41975	11
36841	5
1499	1
30676	11
45455	11
22738	5
14435	12
45360	8
11885	5
1744	2
31034	4
33964	12
38797	3
25695	11
62556	11
70895	3
25495	3
21515	11
37595	4
41122	10
42037	10
71630	7
62323	11
38242	8
2248	6
36302	3
16538	8
13762	11
5873	10
7113	11
17619	8
42357	3
47908	11
30073	5
38451	8
44768	2
23755	2
8164	11
49775	11
49281	8
4554	4
41026	2
12674	6
16352	12
17474	5
32340	8
33709	3
18387	11
11727	8
7224	5
21172	6
9824	4
25642	4
18144	10
48646	11
38828	7
1725	3
29736	5
7423	11
47992	10
43620	1
12321	6
45842	8
38261	3
2057	1
27286	6
17970	8
3320	3
32703	1
38710	9
23277	5
29461	11
44755	8
13197	11
19416	4
33960	7
31715	11
9398	9
28555	11
46774	5
35198	5
49434	7
13068	10
34297	4
44974	2
19976	4
40637	11
1673	8
9686	11
49257	5
9023	11
4199	4
17762	8
11602	2
3114	3
20169	10
23155	5
47588	2
45760	8
10603	11
11985	7
14881	12
5799	12
3857	7
43207	5
16648	11
18901	11
14776	6
30846	11
41696	5
7322	3
43164	5
22308	11
29759	6
45588	8
42627	7
23642	3
19090	11
9630	9
18698	10
62835	3
14244	5
8728	11
3008	5
40639	8
14692	5
29464	8
35508	12
9254	10
3046	3
71759	8
3260	4
11718	8
18734	12
69770	11
26535	2
62245	11
29385	5
6095	5
34906	11
34013	2
15682	4
70681	11
14864	1
36895	12
37269	8
21900	5
13884	1
1587	12
11929	8
5808	10
12370	6
34234	1
18769	11
41576	3
22690	11
28359	11
11502	12
3589	4
36465	3
673	5
46034	3
38033	12
49546	3
42395	4
11121	10
4283	9
24473	5
24517	5
10511	8
36869	8
25890	7
19933	4
24097	7
27836	11
4865	5
13815	6
10252	11
18255	3
68402	10
45735	10
24455	11
49315	4
38419	6
48406	11
28366	2
44589	9
20143	5
36979	1
43862	11
41215	5
24235	11
49919	8
6064	11
11543	5
45874	11
34667	7
45398	8
61110	3
39748	4
9088	10
27498	11
2236	11
4482	10
39033	6
41128	1
12696	11
1886	7
44180	12
19145	3
41681	11
46187	10
25360	11
39713	1
24053	2
48770	9
7277	8
4356	5
16017	1
37439	2
36030	3
40984	10
13866	10
13228	8
20464	10
30617	6
3944	2
15407	1
18620	4
46911	12
18533	11
6658	8
70847	5
3392	7
18755	4
12262	11
7085	5
9086	9
3741	10
27427	11
35157	6
5949	7
32094	12
49471	10
20790	9
29538	2
2294	1
12879	9
25656	6
10575	10
36954	11
11221	2
5734	5
8081	11
25031	8
20654	5
25368	10
45614	9
38561	11
47904	5
11937	6
26676	12
48006	2
45338	6
20246	11
17858	5
26270	8
21246	2
36898	7
17231	8
43430	8
21534	11
37244	2
12565	9
18045	3
48899	4
28468	5
12406	1
17974	1
36068	4
38772	11
19509	5
31787	11
40669	4
13918	9
13722	11
47163	5
60572	10
31516	4
10682	11
145	5
14086	3
68851	7
61344	11
49505	1
30090	9
35971	2
2282	4
20637	4
44119	11
15052	12
24526	11
46838	11
46348	10
17929	2
5704	9
1862	5
69946	1
14495	10
59059	4
5482	12
42560	7
49212	1
24379	5
44150	10
10032	7
34990	11
45078	7
62863	8
21576	11
15661	10
60350	11
48788	3
17886	7
2418	7
26173	8
11863	11
14786	3
27789	5
31348	8
42048	4
17010	11
19302	11
45941	5
29138	8
23791	7
33857	1
18642	11
39702	6
2524	11
5193	12
29811	3
30566	4
38182	6
291	4
2307	12
62828	11
34038	10
43157	5
43191	8
18428	11
33965	6
507	5
16770	8
9853	4
32231	11
11839	9
33679	11
57523	11
42660	4
47803	6
33866	4
46147	6
23842	10
6860	3
19737	8
46285	6
61113	11
19689	11
39314	5
27304	12
14908	11
47534	11
15336	4
12876	6
27600	10
5003	3
35947	6
32337	1
19281	8
3437	8
46186	10
26063	9
9469	2
40934	11
1604	5
4465	10
41669	11
71784	11
14049	2
3255	8
44565	5
49938	2
20849	1
30320	1
6156	11
37273	5
22313	12
40375	11
22080	8
47484	9
48861	1
9401	6
42078	4
27245	11
30228	8
43602	1
31171	5
71391	10
41718	9
70978	7
18432	4
69608	10
34497	6
19357	8
18865	10
18697	10
48501	11
24290	8
17185	6
13932	12
23834	7
7446	8
8927	7
39888	8
33103	7
12805	11
23209	10
46337	2
58303	8
71402	6
29362	11
3878	11
21187	8
4003	1
6668	5
16047	11
25851	10
1822	3
14408	9
69259	12
49476	3
13229	3
1039	8
28390	12
25998	7
38252	2
28893	4
9069	11
42712	5
30948	11
19030	5
45673	11
34544	10
14761	11
24821	4
13474	12
15195	11
21355	5
9466	2
69196	3
38666	11
39013	5
48535	7
36041	5
26348	8
3645	11
30013	6
48453	5
48760	11
29719	2
5530	8
23527	2
27153	4
14034	3
48689	8
38281	11
31963	9
16423	3
26723	12
4901	7
33884	11
17505	8
47492	5
32009	7
7663	11
8009	5
8313	11
36178	9
20598	4
7305	6
29436	10
16146	5
2848	1
4574	3
23363	5
44872	11
41717	5
71793	9
26884	1
46438	11
61152	8
11300	4
45193	12
72142	7
7934	8
26498	5
4352	9
17694	6
31247	12
21348	10
7039	11
5653	5
19779	11
10212	7
1805	12
36415	4
45362	11
46633	12
72000	2
43153	5
18568	11
21730	10
28993	3
8479	1
22496	5
13811	5
69813	11
29262	11
48033	5
39238	9
44859	5
19565	6
25347	4
23074	12
23592	5
37934	11
24437	8
38155	11
37724	4
21389	8
40674	5
62193	8
6210	3
46883	8
43647	4
62525	5
11544	4
13795	5
57096	11
27916	6
12472	11
33412	12
28099	11
31807	11
36993	4
38121	11
45964	12
30768	11
43822	8
37421	6
42238	4
40730	8
24773	7
2434	3
15828	9
23932	5
28062	11
12039	8
1689	11
1478	11
22533	1
19209	11
23171	10
48250	5
30178	11
38025	8
36459	11
20499	5
23920	6
41201	11
33264	7
12252	9
49040	8
43413	2
41842	5
25414	11
29298	12
15927	2
45790	9
15579	3
31177	11
21188	3
41093	5
2552	12
49394	5
42111	4
22035	11
40778	2
21611	11
6455	8
34597	11
26710	5
37000	11
8473	8
42896	11
2326	3
42746	11
45771	8
36699	11
16652	10
6917	11
29961	11
29014	8
18669	7
13720	8
49233	6
11138	10
57494	4
27882	5
32402	8
29563	11
24038	8
68870	12
16464	9
1864	8
25868	11
22091	1
62396	7
68967	8
3980	8
46355	5
31575	5
13234	8
27887	8
8972	11
6631	5
30640	4
35585	11
4359	6
21	6
39800	4
35989	4
8758	3
14651	1
1231	5
13194	10
21651	3
24181	6
8800	4
45016	10
49385	2
21716	11
41933	12
48470	11
47169	1
14205	5
39134	3
24673	8
22973	11
20880	7
28395	8
20373	8
28702	11
14315	5
19435	8
15310	4
852	6
48815	12
20393	8
25060	11
47978	1
37922	5
25811	7
22927	10
44807	6
8718	5
6899	11
42591	1
27930	5
6581	5
17851	1
25725	10
5993	11
34055	5
49933	11
34490	9
20765	1
40738	5
11169	11
17104	2
27146	5
10486	10
16076	11
17267	7
14159	12
49818	11
71646	10
8919	11
1814	8
46793	9
31777	10
40297	5
48993	1
48050	2
63297	5
15675	8
20247	12
70498	10
7945	11
19107	7
11542	8
17468	6
16912	10
1551	11
37118	4
823	10
26240	2
49538	5
26660	1
39317	10
5851	4
29492	5
19378	12
7847	5
17623	3
23256	12
35298	10
3541	11
42985	12
7192	11
19483	3
25818	12
30786	3
39461	11
41139	3
23082	7
2414	10
47202	1
28105	6
1836	2
7153	4
32166	10
780	11
43012	12
35035	8
25662	8
38670	12
15526	9
35793	3
183	12
7726	3
38714	2
7222	11
31927	5
48311	11
62064	12
28898	7
33922	5
18438	1
42850	11
21691	4
6391	11
45640	3
17834	8
32021	3
62361	4
40791	3
14479	1
22331	5
22896	5
35468	4
39130	11
4235	6
46247	11
13609	8
27585	7
26044	3
6479	2
61048	11
22626	5
24694	4
9881	4
15684	11
44422	10
71824	11
70922	9
24956	5
14532	8
46756	11
12586	10
21091	2
68283	2
42666	8
31186	5
12553	11
59848	4
20500	12
1053	11
33718	12
24556	12
41964	10
6732	11
1683	5
32888	6
45560	4
47985	3
27368	10
37270	5
6699	11
11066	11
20977	5
6731	5
11094	1
40816	7
42004	3
27279	11
16829	8
13476	3
5604	2
38363	7
35124	3
11410	3
46256	11
9503	4
59489	3
9657	6
7975	4
17796	11
68390	6
17153	12
5806	4
20016	3
10034	12
187	9
34568	7
9490	4
32849	12
44978	9
39704	10
28352	12
34141	8
41509	9
6585	6
19827	11
41986	10
24116	1
17406	9
25393	9
33642	3
32997	1
30719	9
34023	7
57628	12
21844	6
34811	7
25839	11
4842	3
28058	8
30878	11
42687	5
49336	11
8098	10
21961	11
33347	3
32041	1
31051	8
34414	1
21733	7
7009	12
39002	4
33893	7
62069	3
42760	5
59401	5
38195	11
43100	5
38391	7
20849	6
14913	9
8972	10
36586	5
6387	8
3651	10
69365	2
10252	5
13613	4
28062	11
36895	3
4235	6
20962	10
3737	9
49706	11
2348	2
10768	9
29003	11
31295	11
14508	5
24401	11
61036	8
39702	12
9460	7
5193	12
48018	8
6954	7
22496	9
36898	5
33997	4
45735	4
35585	11
29666	5
45760	11
19000	11
40601	4
34718	7
9023	11
4071	1
3980	5
48278	11
1579	3
38962	11
36235	8
23336	2
45643	8
42560	6
32378	3
35971	2
28677	8
26600	5
11623	11
13342	3
34145	1
49938	4
28289	11
8927	10
6356	2
2525	11
34568	5
7806	3
21310	4
22973	2
23592	11
45790	11
9166	3
23085	3
45627	11
38254	11
26063	5
41119	2
12321	5
42721	2
11542	3
30178	1
16375	9
49604	8
16171	2
37607	10
8763	8
46911	10
28501	6
6046	3
6722	8
45048	9
42997	11
20637	8
19435	11
8800	6
41080	10
9474	1
45078	5
40669	11
33538	8
14532	4
26883	6
8877	8
25393	3
12736	7
1046	12
68675	11
46215	1
47163	8
10934	5
11316	9
28713	11
35604	11
39040	4
9632	5
27455	11
44859	8
9537	11
40161	11
19998	10
4588	7
29237	5
1240	11
45345	1
69196	8
16885	5
25722	8
6636	5
29138	3
42357	5
17694	2
38098	9
9630	11
19109	5
71529	8
31158	11
36464	11
28839	8
19705	11
58424	7
45964	3
2011	12
37262	11
291	7
10486	2
42712	11
10088	7
32340	8
14854	7
13973	4
45771	11
47788	4
45817	2
23155	8
5506	5
38902	11
6095	10
24253	4
16465	12
15249	7
23019	11
26345	1
16614	10
43789	12
23256	9
37756	2
23126	5
22091	4
18836	4
39086	6
24673	8
39406	11
31297	5
36459	11
17147	1
41386	9
30736	1
38337	8
12240	4
31561	2
57468	3
18901	4
7113	4
17496	11
38714	7
45033	4
18865	10
10514	9
11410	5
17822	7
22227	4
43000	3
42395	8
25649	11
37702	4
25244	11
42896	11
28347	5
16464	7
24863	3
11973	10
30823	2
14187	11
47395	4
26270	5
1424	11
30013	11
6899	5
49867	11
24713	2
23001	12
34442	5
7305	5
6659	11
49165	11
22035	10
39391	10
14408	3
2059	10
18420	11
41962	4
23171	2
38670	10
29582	6
14126	8
32021	11
11211	2
37482	11
39504	3
46395	11
20881	11
35395	10
59337	11
28033	9
26498	11
8260	7
27769	9
44861	11
560	5
22080	4
7504	10
32009	2
13910	8
24556	11
18710	11
47978	4
28550	1
41449	3
7773	3
17796	2
63072	11
1546	8
8718	8
4950	10
37002	11
32231	5
57354	12
37058	6
15015	3
70814	4
6260	4
12770	5
20870	5
33445	4
10142	11
5101	9
33579	11
14761	8
15391	12
19772	11
11699	3
5214	5
33169	11
33793	8
19825	8
48267	12
32632	10
22896	4
59489	6
46774	9
49538	8
3046	11
49032	5
42495	1
14479	11
3701	8
12805	11
20169	2
44987	9
48250	10
58714	1
11458	11
39151	2
22574	9
3710	8
9483	4
42760	10
45560	9
33977	11
47521	10
23642	12
44182	6
34154	5
31159	11
41215	9
49732	5
10547	12
16352	3
29731	1
42004	5
19562	2
39130	11
1053	11
48033	1
49818	6
7685	10
32997	7
27607	12
68491	2
61213	4
15591	2
9254	10
13341	6
47173	8
70498	11
41718	4
27916	11
7189	12
32590	8
57096	3
29811	2
1717	4
27153	12
28428	1
22312	11
39169	1
12997	11
39312	5
62396	11
28423	5
11383	2
14881	11
18045	8
36817	3
24952	11
39779	10
25368	2
28254	9
6557	9
25495	5
46639	10
38167	6
35157	8
18642	5
20779	6
27279	11
22313	8
5993	12
12222	12
22927	8
29159	6
30703	1
46761	8
33965	7
14692	11
49933	6
69633	5
46034	8
35340	3
43376	8
31134	5
14495	1
17970	11
1751	8
28850	4
8880	11
40266	10
23627	5
45041	11
39952	10
29006	6
11348	4
43570	1
34259	5
26449	5
19937	1
852	11
49123	7
48939	3
35324	1
33412	3
24192	12
1177	8
33745	10
29286	8
12252	3
31051	3
4554	7
30546	11
1977	4
10830	11
71938	5
38451	10
20594	9
38131	9
17705	10
23015	5
39672	12
3255	4
15682	12
20248	11
48970	10
39402	6
39685	11
27242	4
28940	3
12763	8
39033	5
10224	4
13609	5
14049	5
10084	2
42086	8
58303	11
58024	10
36306	12
41669	10
47748	5
9027	11
26282	10
28631	8
43950	11
4901	8
30130	11
20959	2
16076	11
11229	8
1820	11
11690	1
22593	5
70622	12
19090	2
26310	11
7975	4
17104	9
18694	7
12869	7
42111	3
25414	6
8527	11
42687	2
41200	4
36979	4
6718	5
24257	11
7945	10
1959	9
18144	1
27904	10
42982	6
21737	5
45165	11
19693	8
18554	5
24023	10
26136	12
33618	11
46187	5
14832	5
47858	9
44940	6
9657	4
4399	3
9982	5
33257	7
27181	11
29325	2
42720	8
3713	9
21274	1
4282	7
41986	5
26162	9
17617	2
9934	10
16941	11
23932	6
36719	10
37703	7
35628	5
31712	11
41794	9
7735	11
16912	3
35513	10
3997	6
38121	5
10166	8
21164	8
29961	3
39106	9
19145	12
32169	2
22680	11
27041	3
68295	4
3277	5
25851	1
43413	10
9088	4
6753	3
31268	4
23221	11
16658	8
38497	5
39748	3
20814	3
8643	12
27788	11
49092	5
38567	4
38561	3
49133	8
38815	5
49212	11
45360	8
62064	6
17185	4
26474	11
33718	3
375	7
4842	2
23007	12
25347	5
38517	4
31095	2
14299	7
13474	4
3392	6
45759	10
62835	1
5910	5
25813	8
24884	11
30566	8
16423	5
36415	4
19689	11
27900	8
44978	3
3326	3
12857	7
58352	7
61206	5
37286	5
48382	11
36841	2
33259	5
36254	3
43508	8
18552	2
17569	8
16132	10
39317	11
4431	9
4759	10
42843	1
46875	9
46256	9
1689	1
38025	12
29736	4
37797	4
39889	8
25656	5
39832	1
30959	1
12711	5
6772	7
34023	12
4275	5
1814	8
45588	12
48100	10
21730	7
3519	12
33675	11
10907	5
43663	5
28366	9
4758	8
32849	7
46247	10
31028	2
23602	6
15859	10
32184	11
16017	10
29464	4
47414	8
36241	12
24580	7
43191	10
7224	11
48993	5
15587	11
71590	12
33964	8
19510	8
42709	4
18620	8
1396	11
30920	11
36941	6
45977	4
48159	11
19416	11
38859	4
26173	10
21595	8
6917	8
21716	2
11000	8
15788	12
12565	1
28482	11
9077	5
23552	1
61132	10
28592	11
21892	11
23105	10
31678	8
8509	4
16538	10
14219	9
41724	10
25870	11
36271	3
31921	11
32382	4
10595	10
14168	11
26902	10
37486	11
12642	5
30768	3
30640	8
13904	11
71209	5
14973	12
71495	5
264	11
41453	4
32960	10
68771	9
12717	10
38504	8
14524	11
5042	4
5219	8
8093	7
13462	8
4291	10
6462	8
23920	5
21900	2
58399	8
15714	5
4683	11
10603	8
14451	11
5139	11
18086	4
46337	12
17886	8
1824	2
19357	10
24340	11
7847	4
19946	5
26913	11
2877	7
28898	5
42690	11
18455	5
8717	11
9021	10
27748	9
14159	5
46793	11
61999	10
45398	5
23755	8
9674	7
41933	5
47240	11
22587	7
8009	5
68402	12
21522	4
4502	7
20154	8
20697	11
4043	11
4482	5
13650	6
43164	11
44832	1
38037	5
29179	10
49242	11
3878	11
354	4
7153	6
10556	12
48162	2
38771	11
45424	7
34300	11
46064	12
21611	7
16648	10
32965	6
24694	11
39027	2
3822	10
44267	11
33679	2
33173	10
18743	11
45874	8
6777	12
1462	5
1586	11
49434	4
49115	7
41605	5
60830	4
16055	11
27427	9
35406	11
36465	11
39215	3
24119	3
17459	4
62987	5
44589	3
35952	6
62323	9
848	11
17474	2
19779	5
1039	11
31247	5
18214	11
1551	8
4574	11
28074	5
6731	11
21355	2
5003	5
33820	11
29523	5
32316	12
1038	11
47881	11
42746	6
27962	6
24648	12
4359	3
41509	10
36440	8
45504	3
27789	3
62506	11
4492	8
11885	5
46640	4
71178	8
62863	6
27368	4
8549	5
48860	9
13444	10
24175	8
780	8
47984	6
45131	11
48770	5
45673	8
12699	11
38547	8
9281	3
29224	5
35298	11
16428	10
24893	12
59331	6
22640	5
68843	10
58568	11
23054	12
13720	3
59297	5
68629	1
14959	5
14113	1
35074	11
22938	7
36041	3
41190	8
37311	6
13277	5
3320	12
44180	7
27142	3
34799	2
31348	5
308	3
47295	12
28468	6
31457	9
30433	7
3437	1
13160	3
28265	5
4955	11
38031	3
1234	11
3541	8
36500	7
11066	4
2294	3
49598	3
24159	4
21124	5
17153	11
29439	5
37116	1
9544	1
34990	9
48400	4
28206	12
25335	11
19378	6
20215	11
45716	4
69148	8
68851	11
3515	5
23676	4
12674	4
19281	12
21628	6
24290	12
5653	5
22690	1
23166	11
1518	8
33465	11
4749	5
19712	11
12370	3
41122	5
24557	11
34325	9
33980	1
11555	6
42037	3
16415	11
48050	5
39145	9
44436	1
29277	7
16474	4
7922	8
11227	5
60350	7
48934	5
1279	9
49394	5
25437	8
47534	5
16481	10
24956	9
9749	11
20224	5
8938	2
41289	4
40639	11
69247	5
5704	8
47326	11
41576	8
14339	2
27885	2
69366	12
39499	6
25773	4
63215	11
34234	5
32226	10
9061	11
20116	8
7039	12
71784	1
46597	5
5533	10
7841	9
33753	6
44755	9
41601	5
44491	11
38496	11
40738	1
8106	3
22002	4
20695	9
11169	5
46599	3
27318	8
21414	9
26598	10
1822	4
31486	11
25811	10
35072	11
28484	11
1208	6
20373	3
19362	12
69722	12
45016	3
8344	4
17330	6
41498	10
10074	7
31787	8
38292	10
36302	5
24710	11
71793	1
8800	9
7279	11
26060	2
47840	5
46247	8
5799	10
62482	11
45350	3
14159	8
28033	4
46923	8
41717	11
68963	5
6825	5
12674	8
30510	2
19378	5
28265	2
13023	11
21727	5
48970	9
22312	11
24562	3
14836	4
36898	6
27788	10
29571	3
1052	5
18901	11
33977	1
21063	5
18880	5
21844	8
38770	11
27607	4
7934	11
10547	5
2794	4
1463	6
30178	11
26498	2
1814	8
8643	5
60320	10
16465	11
37286	4
69834	7
44589	5
30969	2
47173	3
6668	1
32888	12
4554	11
23834	5
23884	11
7221	3
17222	11
20594	6
34370	4
20247	5
20790	1
41139	5
24526	12
21716	6
3878	4
45506	11
8763	5
63081	11
7039	9
2690	2
17313	10
1721	5
41245	11
8927	8
33465	5
33980	10
43191	9
11290	1
48288	4
46127	2
45712	10
43157	5
35198	11
10574	10
7509	11
10158	10
43012	11
62734	7
31051	5
16201	11
22640	7
24192	6
12763	3
38202	7
5466	12
37316	2
71824	11
26884	4
24253	6
43155	6
6260	11
6658	2
47261	8
29227	12
2348	10
19693	5
46053	12
24489	11
12961	6
41718	11
43934	6
10034	7
36287	11
11878	6
41445	9
4813	8
48788	12
32680	11
70895	5
36030	11
25152	8
23074	11
69378	4
11937	7
23182	8
40161	3
30704	5
1546	11
19565	1
23842	4
47050	6
30878	11
8695	10
11704	11
32378	10
4352	4
25337	11
31297	6
41964	5
21246	3
63297	4
20637	7
59381	12
37262	12
23144	10
16314	7
18769	10
9036	2
9767	8
69722	9
22475	5
43602	11
23105	10
29372	12
29719	3
40037	11
18762	10
14524	11
19107	1
25649	11
32918	5
17762	5
3326	8
17128	6
9086	1
39082	11
12706	5
43522	3
37103	11
38742	3
42871	4
20995	8
12175	3
27962	11
19933	5
823	11
47240	10
22826	3
4955	8
10084	5
61206	11
39002	10
62396	11
24038	8
17211	11
8150	7
4492	2
35708	2
41724	4
60567	5
21651	8
37439	12
29579	5
28031	12
23256	5
11929	4
39173	3
18554	11
26179	7
39314	7
8880	9
3225	8
18923	5
36050	3
27455	5
46597	8
63188	11
5506	11
63233	7
3166	3
45614	11
11863	3
13791	8
30768	3
6046	6
47972	2
10873	8
13918	5
26600	8
30810	3
30073	5
6557	5
30617	12
58916	8
44987	3
12472	9
15124	5
34234	4
32113	2
36875	11
45078	10
37895	5
13505	1
5935	1
72145	5
1374	7
22732	8
38342	12
44150	8
63323	11
17147	6
20014	11
15782	5
1864	4
39702	7
36941	8
62721	3
10142	11
34181	5
24124	10
3713	5
42184	12
2087	4
29003	11
12642	3
17459	7
16758	8
17595	10
68390	9
19151	6
45377	4
47643	6
11448	9
17619	7
62828	5
14776	11
16652	1
49212	11
36213	10
49598	10
11885	11
33675	9
44180	5
12332	12
22002	8
34297	11
68771	8
36302	11
24713	6
18255	7
11229	12
36235	11
36870	10
2514	4
71328	11
14034	2
9390	4
3737	11
11951	4
36574	5
32021	2
20611	7
43532	10
45322	2
17974	10
16352	11
61599	4
33102	3
49434	12
10450	8
72187	11
38252	12
27311	8
35487	11
39151	9
59489	10
42942	9
37756	2
8259	11
26660	1
26240	11
48050	3
46911	4
45771	4
1021	3
44966	6
38561	11
25803	5
44579	1
21892	1
19464	2
37922	3
23054	4
22680	11
44974	5
23363	5
6585	11
133	3
33997	5
40171	2
42948	4
41215	10
17200	9
70814	10
22614	6
14651	2
12522	8
38496	7
5993	8
48104	11
39713	10
6659	8
8690	3
43100	10
68283	11
26356	6
19976	4
38337	2
24948	11
33793	11
42982	5
46599	11
69703	8
39996	11
45048	5
20853	12
6484	7
46756	7
68402	3
48771	5
30090	2
24773	7
46256	11
4345	8
70870	3
5200	5
9069	7
46047	5
2369	7
22206	4
24437	11
7806	7
43832	6
21077	11
36645	7
34990	3
17406	10
11168	8
45817	12
26348	7
9824	3
19089	5
37577	11
7847	11
10556	12
39106	9
20413	10
11348	9
39336	10
1075	5
18844	8
11138	11
20670	6
24956	11
46433	10
37061	8
8728	5
12467	5
43599	11
19030	11
27153	5
49604	5
20881	11
61213	11
36526	9
35628	10
10088	6
19416	3
34154	5
1013	11
38724	7
26310	10
31186	11
37063	2
39406	11
25333	1
22626	3
39499	11
32590	5
11223	8
1820	5
37486	1
7975	5
49281	11
16365	8
10315	11
45379	8
45854	3
18680	6
12847	11
21186	8
12294	7
40637	8
26883	3
36082	2
5307	5
7506	7
8919	12
1579	10
10514	7
43431	4
10595	4
57643	7
20004	12
23847	3
16218	7
38438	10
21106	2
41842	8
45338	4
14187	6
32177	4
62052	11
27498	10
45247	7
3277	5
22934	11
38870	5
22496	1
7183	2
60827	11
49532	6
29736	10
48535	11
42495	10
40580	3
19000	12
29777	8
14113	4
854	5
12262	1
45673	8
21265	2
44600	11
39800	7
49476	3
24097	8
7216	10
58714	4
48646	5
26723	11
18144	5
4466	6
41928	7
44768	12
35258	5
22840	9
25725	8
28550	12
48159	2
25811	4
24835	5
29277	11
6954	12
15591	5
39145	11
48899	10
44859	12
49233	8
32115	5
10476	12
19705	11
32664	5
24958	4
11340	5
35152	10
61152	11
47978	1
3997	8
37120	5
63215	4
31715	11
27407	5
1923	2
7685	9
2907	9
6829	1
37244	8
20733	3
18568	11
11300	8
23215	3
25642	5
1547	4
6064	12
44861	11
45770	2
46131	7
34192	10
12810	5
69690	8
17104	10
37270	6
1822	8
10780	3
45293	3
48939	8
23299	12
134	4
41449	1
20977	9
57096	12
1073	3
7775	4
13342	1
45553	5
42790	9
29293	11
38163	2
62122	5
30897	11
12229	2
36440	3
8527	12
49751	4
44275	11
5197	7
20346	11
42720	2
24509	9
26329	3
16528	5
35947	4
42687	4
16464	2
17010	11
22417	10
15290	4
15927	11
41962	3
13160	11
17342	8
22690	12
25393	12
6917	6
40669	8
9512	5
72079	3
24175	9
48382	5
68629	8
17153	8
47264	11
32324	7
47674	11
32997	11
38714	4
45643	6
47748	12
4683	7
16171	5
25414	5
17481	9
43647	3
18438	7
20962	12
16047	6
18387	3
23676	1
21931	11
6210	6
15249	5
43000	1
38828	5
11037	4
59331	12
48860	8
26173	11
4749	4
28677	4
30703	11
42663	11
34013	10
11872	5
34490	1
9724	11
5582	10
48278	8
10682	3
39171	1
2059	5
20154	12
14219	10
41386	8
15579	11
10252	8
1586	3
30948	4
25839	11
8473	5
33922	8
18710	12
11544	8
3079	12
9483	7
24023	7
36254	5
46671	11
28556	10
7414	9
17822	10
28928	8
34038	3
29241	3
13785	8
12879	11
27279	4
18694	7
37676	5
4889	10
48311	11
24051	9
46337	12
24519	11
9460	4
21841	4
24116	12
20224	11
28366	10
27181	3
28099	4
6777	5
19779	1
18533	11
24995	8
11066	12
17858	7
34556	9
19053	1
20780	11
42666	5
36869	2
32044	8
42746	5
3515	1
18686	8
14126	7
14168	7
5862	12
6899	2
46883	8
31575	11
34732	5
10224	2
39779	4
16648	8
30800	11
49546	1
39552	11
71495	7
1683	12
19509	12
35715	11
40673	6
44832	4
69148	5
69259	11
45362	11
10032	10
36179	3
47067	12
23166	8
45964	3
33815	11
18755	5
42591	12
34121	10
57610	11
8136	2
1786	8
39849	7
46648	12
12553	3
22449	11
38338	10
19909	10
38155	8
8758	8
1632	2
8260	12
13795	4
4759	2
10633	11
2307	11
42709	5
10074	9
5704	6
40366	3
673	11
6127	11
15165	1
20393	5
15548	7
47521	5
33846	11
25531	8
42324	12
8479	3
32516	4
32169	6
47675	9
21634	8
40056	10
5734	11
37551	9
39892	10
48162	2
36954	2
38815	11
24659	5
7322	3
26029	5
31159	11
47326	3
42760	4
2434	1
45815	5
28940	1
6731	3
12305	12
375	3
30008	5
33718	7
38015	5
32849	11
20373	4
48453	11
19622	6
7446	8
33582	1
45294	5
58417	3
102	11
7224	8
43867	11
18642	5
61622	11
26406	3
24808	10
41576	5
31927	11
31807	12
13613	8
42086	5
45640	11
26710	10
70059	11
27206	5
35468	11
21091	12
25432	5
5851	2
70847	7
26513	1
22903	2
30736	12
32193	10
45767	7
18834	5
4939	7
27600	12
43605	8
18849	6
45716	11
45899	9
6633	8
33964	11
7189	11
28074	5
25347	10
10511	11
27864	4
26254	6
3105	8
28650	6
6722	9
19645	1
4071	6
28359	11
59848	11
40038	9
34906	2
32233	4
14813	11
11271	7
8972	12
58424	3
49315	8
39130	11
25360	5
1518	8
6450	12
12406	7
62910	12
11839	3
236	11
5873	5
48250	6
57468	10
39122	8
21522	12
9544	8
20959	3
12511	3
7778	8
1472	7
71590	11
49884	5
14881	12
6391	6
49311	12
72114	8
43762	5
41119	11
33784	5
62930	11
36041	1
2524	11
23423	5
9881	3
32960	8
15028	3
29224	8
31028	10
18609	4
17815	12
63072	3
47985	8
35884	12
36500	1
19312	5
20870	4
7504	6
48815	6
14038	9
27900	6
49123	10
17958	8
13797	5
22900	4
11211	10
28592	5
26270	11
38254	9
4356	8
34141	5
46838	11
21	8
70831	10
43789	11
61031	7
40691	10
29460	6
5139	8
70602	11
23592	12
17231	11
4043	11
2	6
26044	11
12857	5
47169	12
19172	11
45848	11
38281	10
39833	7
20598	12
24556	11
71630	8
36410	8
49867	5
48692	6
35604	12
12711	8
38962	5
27748	12
22599	7
59736	11
23755	5
25656	3
7090	8
11227	11
9490	6
560	3
43413	8
48459	9
18552	11
24580	3
20814	12
12321	7
23174	4
27318	11
46774	10
71932	4
29611	12
47788	4
62361	11
