45754	3
44422	8
63188	11
42241	1
19464	11
69722	3
1462	2
17280	1
8093	5
8098	8
21305	3
45759	3
35954	4
35952	10
11508	9
43570	1
29262	3
68870	2
11502	3
2307	6
11985	7
63195	6
20464	7
24829	9
21310	7
18144	5
40056	10
3651	9
41386	8
68402	10
1472	4
22640	3
19471	10
42238	1
12847	8
29277	10
2	5
32432	3
10669	4
1466	8
1464	3
2794	5
1463	6
9	7
34618	8
3645	3
31106	2
35947	3
17267	6
22614	6
43557	2
45735	10
31575	5
2326	11
28395	5
33753	1
1478	10
32422	5
29241	9
32429	11
4502	3
12810	4
70724	11
10633	3
28390	10
38195	1
40031	7
22626	7
42214	10
40035	10
24808	11
5851	3
18123	11
47908	6
40038	3
40037	2
47904	11
39040	11
31561	9
42690	4
11973	2
33745	9
41351	3
43532	3
45712	6
42687	3
39033	4
38187	11
70755	12
44861	4
4531	12
5862	4
15066	4
35909	1
1021	3
29227	6
42688	10
45716	7
23920	4
38182	1
20413	7
32402	6
11943	10
2348	6
27041	2
11948	2
57784	4
1013	5
29224	7
29223	8
4522	10
3678	7
5857	6
30228	5
43522	5
19435	9
39027	7
5873	4
41342	4
44859	3
40015	11
42677	9
22601	9
10623	1
6718	11
10626	12
1027	9
29237	7
11951	11
69770	6
6717	5
15043	7
17222	3
18554	11
42663	3
38163	5
20870	1
39013	8
38167	3
33709	4
6731	10
42660	1
39499	5
16375	10
18552	8
29208	8
41336	5
21727	4
1042	5
28359	4
42666	1
43999	11
28352	3
26173	9
1039	3
1038	6
2369	8
26179	5
6722	6
39019	8
8905	8
15053	6
21730	3
44832	2
15052	1
69312	8
38155	11
20881	9
20880	11
39002	10
17231	3
71630	9
11929	3
1054	8
43508	4
1053	5
1052	12
21737	1
42655	8
21733	12
49281	6
28361	5
49280	6
8919	6
10603	5
26185	5
11937	3
3225	12
1046	9
38159	8
4554	6
6732	9
19416	3
18568	2
30676	8
21389	4
20056	9
4574	1
6753	11
48862	6
32041	11
32044	4
45350	11
48861	6
10252	5
13762	2
8927	9
14614	2
47526	6
62264	6
43165	9
45345	11
36870	6
47521	1
3255	6
22244	6
26600	6
27930	1
1073	1
72061	9
49706	11
37728	8
31186	11
46671	10
10264	10
44491	3
36875	8
8938	9
16804	10
37724	6
16802	7
34218	10
43157	2
27904	8
45338	8
20035	10
43153	1
5441	10
6772	10
43155	5
36860	2
31171	8
72079	4
25722	5
27900	7
3260	9
25725	2
36869	5
15927	3
32021	7
31177	1
3256	11
4588	7
47992	9
37712	6
12414	10
34207	7
27916	7
47984	6
9810	5
47985	5
45322	9
3277	3
22221	11
23552	3
24401	3
19053	8
24884	1
19050	10
22227	11
33347	11
14609	10
6777	11
37702	8
37703	6
20016	11
23527	10
20499	7
20014	3
46640	1
8972	7
47972	11
46648	6
3282	1
21348	3
18170	8
34667	6
673	3
35513	6
31159	5
31158	7
12879	10
45790	4
13720	7
36841	8
11542	7
32009	2
12876	4
11544	3
11543	2
8969	5
6309	5
22206	11
46633	2
21355	5
68843	5
19030	7
24863	11
46639	9
48815	6
12408	7
12406	9
22680	4
9824	1
35508	7
11555	10
10224	9
11557	4
35989	5
23504	3
5482	3
68851	2
24835	4
43599	3
69703	6
18153	3
45771	8
7663	7
19000	10
4156	5
5003	6
19483	6
13705	5
31134	11
29286	11
32465	2
12857	7
32464	9
35972	3
35971	3
33793	12
45770	10
11522	10
8509	12
40080	1
39086	9
21335	1
20004	3
44436	1
45767	7
45760	11
43100	6
9853	4
45768	11
39082	10
21338	8
24844	4
12869	5
221	5
32457	9
29298	11
13714	3
36817	9
33784	1
10682	6
10685	5
29293	1
7200	10
71125	12
8535	11
7685	11
37695	7
6356	9
27887	6
61322	10
24379	3
27885	1
27407	11
34181	10
59489	8
35035	7
27882	6
239	8
11066	8
47492	3
16758	11
5031	1
14582	7
35020	2
25238	5
23054	2
60001	2
17617	1
1905	11
47484	5
5042	6
12370	7
9881	7
7222	10
7221	3
9887	11
46147	10
7224	7
4199	11
38520	3
9401	8
5048	2
15880	8
28713	4
25685	9
26535	3
27864	8
22170	7
26531	6
8549	12
45294	11
7216	5
37676	3
14559	3
15407	11
13229	8
45293	11
45292	8
34154	5
28724	8
26546	5
72000	10
264	7
35487	3
25695	11
7228	9
48311	11
13234	5
46131	6
39849	11
38517	3
1923	6
18923	4
6395	5
46127	2
48788	1
23001	8
26513	1
34141	10
6391	8
23007	3
40816	12
34146	8
25662	11
34145	8
39832	10
39833	10
14532	5
38504	11
48780	7
39837	8
46599	5
8106	4
71178	11
48775	1
28702	3
23015	9
23019	3
35468	5
24340	7
59059	3
18908	10
9429	7
48771	5
48770	11
11037	5
18901	4
25649	10
48768	8
34121	6
25642	3
26975	5
291	3
31095	9
59065	9
298	4
22130	12
15843	11
11000	10
38962	4
48760	5
36302	5
12332	11
1959	6
10158	2
36306	5
38969	4
45247	4
49604	6
7279	6
44396	2
10160	9
11493	11
62245	5
27836	7
9450	12
25656	5
15859	2
34598	11
34597	6
33264	8
10166	11
39800	10
14524	3
16352	5
17200	8
39472	5
14173	8
9466	3
18533	10
9469	3
8136	11
41313	7
9460	10
43978	1
20853	4
59401	8
29666	9
32849	6
31516	6
15028	7
31513	11
2825	2
1977	1
39461	4
20863	4
17211	10
16362	3
9474	7
38131	1
37286	9
16365	3
17694	11
41782	7
14187	11
28347	3
21716	6
21715	12
7290	1
70681	8
26162	5
58568	8
11913	2
28345	4
27498	9
69690	6
38138	5
71529	6
19877	11
69694	8
59419	6
18548	6
43950	2
37273	4
38121	2
17665	4
38123	10
42627	2
26136	7
44807	4
26139	7
9483	6
8150	4
37270	5
1998	3
30640	8
25284	11
26131	9
14159	6
49257	9
14158	3
1518	9
2848	1
1515	6
37262	9
15011	2
28327	9
9490	6
20849	8
40439	8
8164	8
47060	9
3709	4
47067	11
15017	6
37269	9
14168	3
15015	3
49242	1
31963	10
30632	12
3701	10
25291	8
69247	10
9023	8
38584	3
9027	11
26598	1
20814	9
35074	8
9021	7
35072	3
23082	9
23085	11
19827	5
16314	11
68391	11
68390	4
3710	2
69244	4
19825	11
48382	3
3713	11
9036	3
69259	3
37244	9
62620	8
40414	3
35063	7
28781	4
1547	5
2877	1
1546	11
31940	12
27455	10
30617	9
31942	8
16770	5
39892	6
38561	6
9046	1
31927	8
39412	7
47037	9
27427	4
3737	5
46180	2
25244	3
46187	3
49212	3
38567	3
14113	11
5910	7
17622	2
17623	11
13272	5
41721	7
71590	3
34192	3
41724	8
3748	5
3749	11
41718	7
41717	7
29611	4
23075	8
1562	7
14126	6
39402	10
3741	9
13277	7
39889	3
39888	6
39406	8
5923	8
2418	8
18966	4
31921	2
70831	3
9069	3
16076	6
45874	11
9068	11
24938	7
18255	10
1582	6
46728	4
20579	9
22755	11
23602	6
1579	2
58714	4
29385	1
32564	5
33412	12
33893	5
28058	4
19107	5
11623	4
5935	6
3758	6
19109	12
45864	4
24948	2
42357	3
41026	4
20581	6
18261	3
9077	3
43207	3
13815	3
5949	6
1105	6
34732	11
33884	6
2434	7
1587	8
1586	1
20580	12
10780	1
12961	5
40171	6
28062	1
13811	6
29393	12
28060	8
16055	4
24913	1
19565	12
45854	9
40161	2
41498	6
3782	8
16056	1
21407	2
39171	3
9088	5
39173	10
22732	5
28033	11
11602	7
29362	3
1114	8
31693	7
10750	10
30368	2
27181	2
70847	9
43663	6
45842	3
41003	11
40156	10
21892	8
39169	11
45848	10
24922	6
21414	7
31687	10
10768	10
11619	5
34718	9
29372	5
18697	9
18698	3
18214	1
42324	5
70870	2
18694	10
44982	9
3320	9
44987	9
39151	7
6829	11
61916	6
30341	1
6825	2
33857	12
31678	9
40131	2
70401	6
15195	5
44974	4
38297	5
42790	10
69417	3
16047	9
39145	2
5993	6
38292	5
43647	7
44978	6
6839	3
3326	3
33846	8
32516	6
32997	9
5506	3
20995	5
21841	4
19521	7
20994	1
16014	5
39134	11
70895	7
41453	9
15165	12
17342	6
45817	9
2011	8
44966	2
42788	5
38281	7
21844	10
45815	11
48082	4
30320	12
1159	4
31653	3
29325	8
16017	1
32506	2
48089	8
32989	3
43620	9
18686	8
18687	11
39122	9
5530	7
6860	5
4683	6
6863	4
41445	8
41449	6
27153	8
28484	2
28482	6
58303	4
23209	4
48501	11
4695	11
26710	8
72174	4
25868	6
11229	3
32169	5
1177	9
11221	8
5533	7
12553	9
13884	9
11223	5
7714	4
36526	2
16912	8
11227	2
1190	10
47643	4
63233	3
44135	3
72187	7
23215	2
26723	2
25870	5
4213	2
36993	11
36510	6
48970	4
46793	7
12565	1
13410	2
7726	6
24517	9
24519	1
62396	4
20154	4
21001	6
43275	7
45455	11
22331	7
24995	10
49818	3
24998	6
34325	11
31295	2
31297	1
33474	6
7735	3
13866	10
41093	10
6408	3
44115	4
20169	2
26707	1
46774	5
11690	1
19172	3
23676	12
44119	9
3392	11
24526	12
780	6
36979	2
34799	7
2059	11
33465	7
2057	4
4235	12
41080	1
13873	6
11211	4
6899	6
308	3
16901	6
11699	8
5582	7
44589	11
5101	10
46761	12
19145	12
22793	10
23640	7
23642	9
22312	2
22313	7
28099	10
5577	11
12997	3
12511	11
45424	11
68962	3
2080	11
48934	2
25839	3
4263	3
42395	9
20143	6
24509	8
7773	6
7775	3
68963	7
19151	8
23652	6
2087	6
32590	11
68967	2
25830	3
48939	12
32115	11
32113	12
31268	10
33445	11
37808	10
31262	9
35628	1
36954	9
12522	7
6450	3
44565	12
25803	11
20598	11
45412	7
24956	6
23627	1
45899	6
24958	11
4275	4
20594	5
6455	8
24952	8
44569	10
20116	4
25801	3
10315	11
56992	3
31254	8
6448	2
36941	5
31259	10
28074	5
32107	3
4282	3
18289	6
68981	2
6462	8
22308	3
45403	12
63297	1
8644	12
69834	3
25818	9
44550	11
7798	3
8643	9
25811	11
25813	8
31247	7
13835	7
7305	4
7309	11
33429	5
35604	1
70814	4
9982	11
14694	3
9503	4
48468	11
7322	6
49315	3
14692	4
16871	11
23166	11
26676	7
40984	4
25347	1
35152	11
4291	8
352	8
354	2
25343	1
35157	7
28850	10
19909	9
30703	10
49311	2
39996	6
38666	7
5139	6
30704	6
14697	3
46285	3
12039	8
14219	9
15548	6
72109	12
12	8
29719	9
48459	2
48458	5
9512	3
34297	8
20904	8
35143	5
26689	9
34295	6
25357	1
6481	1
26209	6
362	11
60128	2
23171	5
24023	8
48453	6
6479	8
39504	3
16885	8
46271	1
19910	12
21	11
8674	11
28839	11
13341	1
15520	11
13342	10
72114	1
37311	10
49775	9
23144	6
375	5
36465	7
37797	11
17705	6
11168	4
12496	6
37316	3
11169	10
15526	10
14678	5
49769	4
5175	10
47588	3
49767	6
46256	11
62323	1
23155	10
34275	7
25333	6
24489	3
32094	10
25335	6
25337	10
24007	9
385	1
35125	7
26660	7
35124	1
36459	7
14205	10
8695	9
12472	6
45398	11
9547	3
46247	1
14651	2
36440	4
9544	11
59166	4
27962	7
24455	9
8690	9
398	8
6028	11
2907	11
5197	12
48899	6
45387	7
15993	4
39940	4
35100	6
72145	7
72142	11
40934	3
5193	7
40928	12
34259	2
60168	7
12486	11
45379	2
19089	4
13781	7
48886	8
47553	5
49732	9
48400	8
45377	11
26611	2
23105	8
22259	6
2921	7
19090	6
13785	7
37756	9
38604	11
43191	5
6064	4
62361	2
46215	8
7397	10
6066	9
13792	2
7399	5
25773	10
16829	5
14649	8
34234	9
61036	7
36410	12
36895	3
13797	11
45360	3
15972	11
45362	3
13795	8
36898	11
61031	3
36415	5
1604	9
12467	2
38261	11
44940	8
36082	6
40580	12
8259	12
14299	11
42760	1
16474	8
20977	5
32960	6
30784	3
24097	5
33815	4
19509	3
32966	10
30786	4
26270	10
19506	1
49394	1
32965	6
20500	10
19510	7
38252	7
16481	6
38254	6
17330	10
28468	6
9594	6
43602	1
8260	1
48050	11
26282	11
3806	6
57354	7
39106	12
9108	9
39107	4
49385	5
32955	10
19998	12
69347	1
14273	11
38242	4
37396	5
15124	11
36068	9
20959	2
36061	9
42746	9
6095	5
2965	4
1632	4
30762	5
44918	6
27585	11
68491	3
30768	8
30765	1
20962	11
18642	8
17796	11
14282	1
69355	12
17313	2
42731	6
16464	2
14285	7
62721	6
29777	2
36050	10
48033	6
18645	5
19976	5
3822	4
17762	6
42720	12
69366	3
39552	4
16430	2
32918	3
28898	7
42721	9
36041	12
24051	4
24053	5
28411	6
28893	2
48025	7
15587	10
69365	5
47173	10
19943	7
19946	4
47171	8
18620	2
69378	7
15591	3
38694	7
48018	11
41861	8
47169	5
20948	8
36030	5
42712	11
29759	8
2514	10
60567	12
25393	10
26240	11
28423	3
42709	10
20939	9
30736	11
30735	8
19955	10
47163	8
71209	8
9166	3
48006	3
49336	3
48489	3
38202	3
30719	6
25368	5
42702	9
2525	2
23182	5
2524	5
25360	8
1673	3
16415	11
32904	3
60572	12
39536	7
37359	8
3857	9
38670	8
17753	8
14244	4
48477	7
29736	9
20926	11
41842	5
1689	5
18609	4
29731	9
1683	3
19937	5
15579	6
16423	3
19933	11
47141	10
1208	12
48470	1
16428	3
30711	6
23724	5
42003	10
20697	12
42004	12
20695	3
32680	12
42006	7
20215	2
1216	8
33538	1
35715	8
20224	3
44653	3
68640	11
45983	11
18387	6
40297	8
1231	3
18380	2
30490	8
46838	2
45504	10
45506	11
10426	5
30013	1
6917	10
28188	12
35708	3
13932	2
31348	6
21522	5
42465	6
19689	12
40289	5
20670	9
44640	5
23709	12
41139	7
1240	10
45977	10
42469	7
16171	10
4749	6
6928	11
57523	9
3416	1
33997	3
13904	3
49092	10
32664	9
49091	4
29006	1
1234	2
11727	10
28156	10
29003	7
10873	2
19209	11
30008	9
32667	11
34845	6
21534	11
71833	8
42453	8
46812	8
18367	1
45964	3
19693	11
41122	7
43783	1
41128	4
13914	2
13918	11
58861	4
29014	5
33980	8
823	11
13910	4
34837	9
5604	6
29492	2
4758	6
71824	4
4759	3
71844	3
20654	7
68675	1
40266	4
17481	5
41119	3
29464	5
27286	11
11704	3
3437	7
3436	5
1258	2
29461	8
29460	10
33977	4
45941	3
21996	4
43762	8
37085	2
17010	8
69536	11
19673	8
21518	7
3450	5
22840	7
16161	2
21515	11
22841	8
34811	7
32632	10
33964	3
59736	10
29478	8
33960	8
11718	11
34818	6
6954	6
32639	8
848	1
70516	2
31787	8
33965	3
7806	2
16132	8
43752	12
19645	10
21961	8
44600	11
17467	11
41576	8
37078	11
17463	2
2132	3
20637	9
62910	8
45934	1
28592	8
58417	5
1279	6
854	10
34808	11
31777	3
17468	1
6969	6
10830	8
15295	9
37063	11
42896	4
22826	10
16146	7
71871	4
5653	3
6983	3
17474	6
1293	9
38391	3
15290	6
37061	1
49040	1
30433	6
10846	5
27279	8
58424	4
4316	5
24659	3
45117	1
44267	10
11340	5
7841	5
35793	10
22475	12
38828	2
35797	3
35312	3
12674	7
10499	8
36645	11
14854	11
11348	3
46438	7
45588	11
26848	4
25519	9
46433	10
42078	12
30093	5
22002	11
30094	6
25998	11
23336	6
30090	8
22007	5
3008	8
22481	6
14864	7
12204	12
15714	8
7847	8
35308	1
38815	11
21124	5
49933	10
4352	4
5200	4
2176	5
22454	1
26812	6
2173	7
19281	8
49938	10
13505	8
14836	10
33599	2
34442	5
4345	7
6524	8
10476	3
13504	3
14832	11
24648	1
44237	5
20286	3
30073	4
19292	3
47748	11
33102	8
23791	7
4356	6
10486	8
13992	1
8712	8
45560	10
4359	3
8717	6
62052	4
46884	11
19265	2
17088	2
46883	4
43376	2
45553	8
49919	3
21106	11
33579	11
36608	2
32244	8
31397	4
41190	10
5214	8
10450	12
11300	6
5219	11
14813	4
37934	1
8728	3
4381	8
22449	11
62064	4
42037	9
46875	9
20266	2
21596	10
47720	1
21595	10
8741	9
62069	12
69936	3
35746	1
34414	6
11316	6
33565	3
32233	5
32231	7
5225	3
6557	5
12642	5
13973	10
32239	1
21567	8
19247	6
22417	7
5244	7
7423	10
4399	3
69946	11
43359	4
20238	2
32226	10
34401	8
7414	4
13943	11
11764	7
12613	3
70922	11
10434	4
11765	5
20247	11
6581	8
20246	8
21576	2
8765	3
6585	7
42495	10
8763	4
3079	10
68629	8
20248	4
47705	1
30037	1
14804	11
13480	8
45078	1
15661	6
7446	12
49434	7
48104	1
29826	12
58399	8
26310	11
30823	5
38304	8
12157	10
48100	3
15668	4
8783	6
9630	11
17851	8
38770	2
38772	6
9632	4
23299	9
28501	5
26329	7
25470	10
36597	4
15675	2
46395	5
39624	4
47240	2
16528	11
30810	1
13018	5
16972	4
13462	5
70059	1
8313	8
40601	2
24116	12
24119	5
28957	2
41933	3
41928	6
15645	4
36586	1
6127	2
7458	1
16974	3
60251	2
14317	3
30800	11
14315	7
37439	3
17822	11
11290	3
49888	3
13474	5
9657	4
45048	3
11296	9
13471	5
37421	5
36574	9
24124	3
61599	2
29811	3
57096	8
71391	6
26781	9
61113	6
49884	8
12144	1
46375	10
61110	5
38755	7
13476	8
21091	9
17834	3
7000	11
27607	4
47214	11
6156	6
48545	4
25424	11
23247	11
23241	11
38742	8
13444	11
21063	4
14776	3
45033	2
12113	3
45032	8
44180	1
12599	6
44182	10
37417	9
9674	3
8344	2
48535	6
11271	9
21077	4
46355	4
47202	9
59297	11
25432	3
32193	6
23256	7
25434	5
62469	5
25437	8
34370	10
6160	2
24580	11
61138	12
28940	2
14786	8
61132	1
17815	3
7009	6
15636	3
45016	12
9686	9
46348	6
47676	3
9206	5
47674	10
37871	11
63323	6
47675	11
11240	2
32184	6
70099	12
24557	5
24556	6
25887	4
13423	8
1717	6
38724	3
6186	4
62482	9
46337	7
28928	8
14761	4
7039	3
25414	10
62009	7
23238	6
1721	3
32177	1
24562	3
12586	3
48993	1
44150	3
38710	12
16941	10
61152	12
38714	9
1725	9
19622	6
37055	7
20611	3
42405	2
57468	8
27242	6
27245	5
1730	10
39238	10
15268	9
18778	11
49032	6
71758	9
19627	3
25060	4
26390	9
42871	4
36191	2
40691	6
29439	8
43727	8
41546	4
28105	8
29436	3
43725	6
1744	1
28102	10
33926	9
30897	7
17459	4
33922	5
71784	5
25048	11
28556	5
7061	3
62835	11
28550	10
24192	10
30400	3
62828	11
30883	8
28555	5
1751	9
15249	5
48168	8
39215	8
13068	3
48162	9
9256	8
17432	9
42850	4
9254	4
40674	9
39685	4
40673	1
37025	8
48159	8
36178	1
57494	3
71793	3
43707	6
61999	9
21931	5
36179	7
30878	12
39204	4
3944	1
18769	1
18730	8
71328	9
39672	1
37494	3
48149	3
58352	2
26356	8
27206	3
29866	8
21900	4
42843	2
40669	4
7085	2
2624	11
61518	4
41509	9
24175	5
1772	4
31715	4
17406	1
17886	5
47295	5
18734	6
49471	9
31712	7
2626	6
37482	3
18743	4
37000	1
14387	10
37002	9
37486	10
7090	10
62863	10
41986	11
21912	4
24181	1
25031	12
1786	2
1301	3
26364	8
38337	10
13057	7
38338	8
4813	1
3967	8
18710	5
12174	2
15684	2
13023	7
3980	1
12175	5
70498	6
15682	5
35298	8
9281	11
41975	1
24159	7
40639	9
15689	3
30846	3
15204	10
47275	8
4823	5
45095	1
12183	3
41964	11
26348	3
41962	6
29854	12
40637	10
1325	6
25495	3
38797	5
47264	3
38319	11
3989	12
44786	1
23847	5
18010	12
17164	5
69608	5
23842	8
32324	1
3515	10
12717	1
4842	3
30149	4
12711	3
11863	5
3997	5
3519	4
57628	4
20346	1
71932	3
19357	4
38098	3
70602	5
20342	6
42111	2
47803	12
45627	3
11878	4
10547	9
33642	10
29153	1
14908	8
30130	7
29159	5
11872	7
42591	7
12723	9
5704	8
63072	8
32316	9
17147	10
42587	7
43430	7
43431	12
20790	8
3541	3
2694	8
17140	1
44768	9
2690	3
45614	11
42106	7
22973	6
35812	9
10514	3
32785	5
1353	3
57643	6
71938	3
4865	1
4866	7
68771	6
63081	11
31457	6
70603	11
10511	7
46932	4
23834	7
69633	5
70622	8
44755	8
21651	9
20320	1
41245	10
17153	4
1374	10
30111	9
29138	4
12706	7
28289	1
71947	5
43413	7
42560	1
5740	7
43893	8
21628	7
20779	5
39391	3
60827	7
46923	12
11823	8
5739	1
28254	11
2227	4
29583	2
29582	8
60830	3
33619	9
33618	10
5734	10
4889	3
59848	4
17128	5
46911	5
19312	4
40375	3
1396	7
41225	11
18460	9
22962	7
21634	12
28265	5
2236	1
11839	11
29597	11
23809	7
7922	8
10982	3
49184	11
11831	7
18432	1
16253	3
22934	8
42543	7
17104	2
69663	5
40366	6
41696	7
22938	9
4431	5
41215	10
43876	1
29563	7
2248	7
26056	9
7934	1
30566	6
18438	9
14086	7
22944	11
38031	1
41681	4
43862	11
38033	2
68343	9
41201	3
40354	10
41200	3
17595	6
19772	3
17111	1
43867	3
42537	10
20765	11
26063	6
57215	8
29571	9
3589	7
7945	5
6613	6
7947	5
507	10
49165	2
26060	4
47414	11
21265	5
22110	11
24773	10
25621	8
22599	9
25625	10
15828	6
33257	6
31076	3
3114	6
22593	7
14973	8
8800	8
5779	7
15824	5
24309	3
7973	4
21274	8
4465	6
25635	6
27814	7
2282	11
14508	7
37607	1
12321	11
47881	5
10142	8
6633	12
6636	9
5307	3
21246	3
12770	2
18077	11
32382	7
22574	11
31051	2
26930	3
23423	6
36749	5
11448	2
34568	10
4466	6
20393	8
11440	7
5799	8
42184	5
10595	11
14956	11
12776	6
4482	12
6660	10
44352	7
4487	6
22587	7
34556	3
32378	3
35884	12
36730	5
6658	3
7504	8
12788	11
6659	6
7506	7
7509	6
11458	11
12305	5
35406	10
21226	6
4492	4
45673	5
43012	1
20373	9
23884	8
24730	11
26913	3
47858	6
30188	4
12757	1
33698	4
34544	6
35873	2
31034	8
13609	3
5336	3
10574	1
6668	4
31039	11
10575	8
58916	9
38902	3
47840	9
560	11
30178	5
35865	12
36719	3
12763	5
6679	7
5349	1
13613	11
31028	4
6210	3
17185	4
47831	4
19362	4
22533	11
24713	12
11404	3
33675	3
14913	1
31015	5
12736	4
33674	3
32340	4
11885	3
10556	6
33679	11
62193	9
45643	7
9730	12
19378	11
8880	11
4043	10
45640	1
19375	11
41289	6
18045	3
34990	4
26902	2
31486	6
33667	4
32333	3
102	2
34991	6
57610	6
29179	9
9726	10
21691	2
6699	11
8877	8
9724	11
11410	8
32337	3
15782	2
14451	5
46047	5
35395	11
24257	5
36241	9
42920	10
34060	4
61206	11
40738	9
114	1
24253	9
36246	9
25100	2
22076	4
15788	5
38423	4
17968	11
7557	4
37577	6
15302	2
18812	7
45193	2
17970	3
16642	6
15310	7
49546	3
12286	11
30929	12
71495	6
26449	11
22080	3
36235	8
61213	9
30934	9
9749	5
46034	3
48692	8
39748	10
17974	9
16648	5
38419	4
49538	4
48689	3
12250	8
47358	1
9767	3
37551	6
13582	7
10074	7
12252	5
24235	2
62556	8
27748	7
35371	5
59381	8
4071	6
133	2
134	6
16618	9
49532	3
14435	12
12254	10
69182	4
45172	2
69186	3
16614	9
30920	2
47349	9
12262	3
38870	6
10084	11
7113	4
25576	10
26422	4
59395	2
6260	3
145	9
34038	11
149	11
36213	5
10088	10
69196	1
45165	9
36698	11
17958	9
1805	7
36699	1
12269	6
30910	5
21187	6
21186	2
11383	11
22035	11
33173	8
34025	7
17929	6
24694	3
34023	10
23363	2
39713	2
1814	6
49505	1
47326	4
47327	4
12240	4
26884	5
26400	3
35340	9
34490	5
26406	11
165	11
1820	3
33169	4
34497	7
26883	6
39702	6
17937	9
39704	2
1824	2
16603	10
38859	11
8473	7
6297	12
48646	7
21164	9
22496	4
24673	7
34007	3
34489	7
12696	10
45131	6
11367	11
37515	4
12699	4
7153	6
47788	4
14881	5
62122	7
44275	7
10042	11
25531	1
183	8
187	11
1843	1
12229	10
37509	7
14408	4
35324	3
38832	3
44274	11
21172	11
10046	11
14887	9
71402	11
38025	1
39356	1
27368	5
62930	3
20733	6
26032	11
10934	11
28695	11
26036	8
34906	11
8009	8
2706	3
17569	2
30546	8
8025	7
38496	9
8029	4
38015	8
18420	1
15391	2
42997	8
41669	8
1864	5
1862	6
26044	2
2719	9
49142	5
18428	4
42982	11
7189	4
10907	5
28677	5
61622	6
20714	6
42985	8
43832	7
7183	3
20711	11
59306	4
62947	11
28672	1
29523	3
26498	3
48288	6
14038	2
39336	4
48286	8
32703	12
4901	9
69582	9
16218	1
13194	7
22900	11
38474	7
37143	11
18880	6
13197	12
29538	6
7192	9
26029	4
43822	11
30510	3
1886	3
1400	7
26025	11
20718	3
27354	11
14049	11
48278	2
49123	10
14047	11
1407	11
19737	9
30514	3
14490	12
71446	6
13160	8
49115	9
14011	8
14495	7
36287	7
2746	3
30980	3
28650	8
26474	4
26475	5
39799	7
49598	2
48267	8
39314	9
39317	11
70109	5
4923	11
18856	6
24290	10
37120	5
42951	8
9398	4
16201	10
61651	9
59331	8
9392	6
40775	8
41622	9
9390	11
62987	10
36271	11
27339	8
40778	6
62506	10
1424	9
25152	10
4939	12
28662	10
59337	2
60320	10
68283	8
49583	11
19712	6
48250	2
69148	11
31807	8
30959	7
37595	11
16652	2
12294	8
71465	5
17980	1
12296	3
27788	3
27304	9
70130	2
27789	4
42948	3
42942	1
22091	1
26450	6
28631	1
26451	5
29961	7
17505	4
18836	12
14479	11
39779	1
46064	8
47395	11
30969	5
37116	9
48242	9
13146	11
37118	3
18834	3
16658	9
68295	2
8089	12
46059	6
30948	10
2782	10
36254	6
41601	5
42935	6
58024	6
40753	1
8081	6
62525	1
41605	8
57172	4
27318	5
5806	3
5808	9
27311	2
37103	11
4950	8
48234	12
15336	11
14003	8
46053	6
18849	3
38438	10
4955	7
18844	11
