68981	2
15828	6
4492	4
45560	10
13609	3
72145	7
36841	8
47492	3
42666	1
3758	6
21515	11
28850	10
13474	5
29153	1
31034	8
19946	4
5482	3
14317	3
9632	4
39536	7
26450	6
60251	2
26032	11
42004	12
780	6
44267	10
22331	7
14435	12
12770	2
32464	9
1466	8
5225	3
28555	5
59401	8
4889	3
29362	3
6395	5
31575	5
20670	9
68851	2
39833	10
33264	8
31777	3
31028	4
11878	4
42985	8
4199	11
23215	2
4955	7
34121	6
38015	8
15684	2
1038	6
5808	9
33709	4
26884	5
35395	11
24489	3
33815	4
17505	4
9544	11
45941	3
47414	11
15859	2
58352	2
69770	6
38832	3
23676	12
35020	2
41449	6
15972	11
40289	5
9474	7
28254	11
49434	7
30810	1
673	3
19510	7
15053	6
2011	8
44768	9
40674	9
1216	8
11223	5
18880	6
36898	11
28352	3
4901	9
49040	1
34597	6
48400	8
26270	10
61599	2
34060	4
42688	10
2176	5
45760	11
62323	1
35406	10
19909	9
35971	3
23155	10
62064	4
17468	1
19362	4
40037	2
6839	3
36254	6
11885	3
34297	8
11542	7
29003	7
42214	10
21715	12
41724	8
17104	2
36415	5
3256	11
3008	8
26060	4
49123	10
11300	6
40673	1
14282	1
36191	2
28695	11
1114	8
6297	12
58303	4
3541	3
47588	3
4316	5
39704	2
38025	1
8877	8
39779	1
4466	6
33642	10
10685	5
17694	11
27181	2
19281	8
20711	11
9824	1
41093	10
38419	4
13023	7
19209	11
39504	3
26535	3
33565	3
37103	11
42537	10
32107	3
20215	2
45983	11
48692	8
57494	3
21651	9
33846	8
3782	8
44436	1
27788	3
20413	7
32960	6
17886	5
35952	10
46355	4
35513	6
61138	12
13160	8
28327	9
70847	9
31942	8
38670	8
30433	6
26598	1
39849	11
39499	5
31259	10
28361	5
6156	6
25100	2
19825	11
38714	9
4487	6
27900	7
19877	11
26348	3
71125	12
32115	11
42395	9
30704	6
1464	3
8905	8
57354	7
5101	10
22755	11
14786	8
18710	5
41445	8
39799	7
30090	8
28347	3
24159	7
2694	8
1293	9
10574	1
62361	2
46438	7
28395	5
7221	3
17569	2
26025	11
24053	5
4381	8
68390	4
43663	6
30510	3
20779	5
39412	7
20286	3
34401	8
40778	6
45165	9
24235	2
12144	1
35100	6
37085	2
58024	6
24023	8
11000	10
31927	8
35989	5
9460	10
35746	1
36526	2
25839	3
72109	12
9503	4
70099	12
38337	10
36410	12
21595	10
22574	11
10934	11
9674	3
38261	11
21567	8
13476	8
45767	7
38520	3
32590	11
26329	7
43620	9
18778	11
37316	3
16464	2
17705	6
49311	2
25437	8
40080	1
16770	5
12269	6
13505	8
40775	8
4866	7
21414	7
20014	3
45016	12
49385	5
57628	4
47214	11
48501	11
30897	7
3710	2
47674	10
48286	8
15689	3
27318	5
62721	6
3436	5
14408	4
46640	1
30188	4
9657	4
34181	10
264	7
41289	6
37262	9
39040	11
8081	6
2348	6
1843	1
18010	12
2690	3
34025	7
29159	5
26173	9
5307	3
47676	3
40131	2
24659	3
24829	9
30883	8
1258	2
11623	4
36895	3
18548	6
11229	3
5949	6
32516	6
38742	8
145	9
48162	9
24119	5
8695	9
6462	8
12183	3
30676	8
12250	8
23238	6
14490	12
4213	2
31158	7
2434	7
23842	8
7397	10
71178	11
19109	12
16076	6
17968	11
22475	12
45294	11
2418	8
1013	5
12157	10
9881	7
72187	7
29286	11
46187	3
10166	11
4275	4
848	1
12706	7
39461	4
15165	12
26689	9
16314	11
42560	1
22496	4
22840	7
10682	6
4282	3
40171	6
15824	5
1805	7
7090	10
43153	1
7216	5
102	2
23724	5
33965	3
42078	12
44352	7
22601	9
36860	2
17432	9
7726	6
63323	6
2746	3
29826	12
38281	7
26356	8
6731	10
20346	1
30959	7
13234	5
21534	11
38474	7
21844	10
40035	10
27789	4
6777	11
12486	11
7775	3
44940	8
8344	2
62506	10
32680	12
69148	11
44807	4
28060	8
14524	3
32239	1
41669	8
8972	7
1820	3
24455	9
59059	3
69834	3
32378	3
34497	7
5200	4
2132	3
24556	6
40637	10
21634	12
26513	1
9887	11
2236	1
49092	10
32429	11
2525	2
38584	3
21389	4
1977	1
10142	8
37000	1
35143	5
18694	10
48149	3
12321	11
28592	8
41842	5
10486	8
37482	3
18533	10
15714	8
45345	11
13229	8
37756	9
18554	11
18438	9
15302	2
19622	6
11872	7
11823	8
22417	7
28677	5
10669	4
14003	8
35708	3
12113	3
183	8
4345	7
6448	2
29538	6
18620	2
26498	3
43431	12
16972	4
2282	11
29563	7
12472	6
8089	12
62987	10
14697	3
21305	3
30341	1
41964	11
5530	7
10088	10
28631	1
134	6
27904	8
69196	1
46883	4
37703	6
16423	3
7305	4
4588	7
22934	8
13582	7
48535	6
38319	11
22900	11
34414	6
36941	5
21106	11
24051	4
59489	8
14086	7
33347	11
26310	11
16055	4
21186	2
40928	12
71758	9
37002	9
39086	9
20611	3
68843	5
21716	6
29439	8
6860	5
44135	3
16603	10
41225	11
34259	2
24097	5
26162	5
11602	7
42709	10
43376	2
7290	1
8919	6
7806	2
19107	5
39013	8
1046	9
26710	8
22221	11
5042	6
39713	2
25722	5
9036	3
27585	11
45614	11
46932	4
19247	6
39356	1
69259	3
38772	6
45848	10
46127	2
44150	3
2848	1
21996	4
20056	9
32193	6
42760	1
23423	6
62910	8
68491	3
10633	3
3651	9
44396	2
43822	11
32997	9
44565	12
43727	8
2624	11
33675	3
39888	6
27427	4
47169	5
35508	7
3967	8
11839	11
58399	8
15043	7
45048	3
43570	1
18844	11
49769	4
22080	3
46348	6
1424	9
31712	7
45854	9
39892	6
4749	6
24562	3
15645	4
4758	6
62264	6
5740	7
41336	5
20016	11
29014	5
20224	3
36030	5
72142	11
7945	5
35604	1
41498	6
41190	10
2307	6
42627	2
37421	5
21841	4
1240	10
30073	4
43978	1
10547	9
71590	3
25244	3
25284	11
37286	9
5704	8
36993	11
30768	8
58424	4
28062	1
21310	7
37702	8
12642	5
33698	4
25424	11
26451	5
1751	9
47358	1
47240	2
1039	3
40691	6
25414	10
11937	3
17140	1
49212	3
45790	4
57096	8
48234	12
28501	5
37120	5
43762	8
291	3
62069	12
8783	6
12332	11
4156	5
16352	5
18289	6
49091	4
28713	4
20116	4
63188	11
43893	8
49884	8
11704	3
8009	8
31171	8
2877	1
9068	11
45424	11
3806	6
48104	1
61999	9
35074	8
20464	7
5441	10
31921	2
38567	3
7423	10
1052	12
30149	4
39702	6
12370	7
71844	3
14113	11
26422	4
2369	8
22206	11
44653	3
19565	12
11929	3
26707	1
36235	8
46911	5
11296	9
19090	6
45387	7
31516	6
1462	2
21	11
46337	7
11557	4
40031	7
5739	1
5214	8
22944	11
48768	8
35468	5
4522	10
45817	9
34218	10
12810	4
31039	11
32041	11
24379	3
17280	1
49598	2
23834	7
16941	10
22826	10
26531	6
30400	3
22007	5
43012	1
15661	6
15195	5
5003	6
49032	6
33619	9
43155	5
32009	2
42660	1
12847	8
44180	1
29719	9
25357	1
31051	2
43100	6
42850	4
7973	4
22793	10
7934	1
68962	3
70895	7
60567	12
17937	9
30617	9
27153	8
48100	3
31561	9
30178	5
29777	2
42495	10
43599	3
1353	3
71630	9
33674	3
36050	10
15548	6
34141	10
11948	2
31940	12
41245	10
1231	3
69378	7
71932	3
46648	6
39800	10
3079	10
69347	1
19521	7
27242	6
26812	6
15993	4
49505	1
16885	8
22449	11
17222	3
41139	7
37396	5
13462	5
9401	8
37270	5
49818	3
45377	11
9256	8
11211	4
24580	11
24998	6
41201	3
42948	3
71833	8
15310	7
25368	5
9490	6
3114	6
47275	8
11699	8
3392	11
25333	6
2057	4
42687	3
38828	2
39033	4
47803	12
38121	2
4813	1
5857	6
7922	8
4071	6
31486	6
29811	3
18908	10
48689	3
41782	7
23015	9
31807	8
15295	9
42790	10
40738	9
39238	10
24863	11
31687	10
38561	6
71871	4
3748	5
41717	7
20863	4
8098	8
4502	3
18730	8
38252	7
6309	5
38031	1
69365	5
29262	3
23884	8
38694	7
4043	10
30008	9
48267	8
43832	7
25635	6
39685	4
32177	1
18834	3
36061	9
8690	9
18387	6
10042	11
45842	3
28105	8
11066	8
33753	1
34544	6
45350	11
1325	6
24713	12
23007	3
17459	4
15204	10
19471	10
5197	12
39406	8
3645	3
15843	11
34990	4
35812	9
1478	10
1717	6
2782	10
37712	6
49336	3
7947	5
48468	11
69186	3
29460	10
9	7
38195	1
20154	4
21518	7
28940	2
10626	12
27455	10
41119	3
25803	11
17929	6
23075	8
32785	5
36068	9
34906	11
58916	9
33579	11
42663	3
35628	1
5604	6
22680	4
1587	8
32233	5
47327	4
38155	11
2825	2
6581	8
37595	11
38391	3
36869	5
30093	5
14804	11
9254	4
10160	9
42982	11
59736	10
32021	7
28390	10
45673	5
21576	2
29611	4
4531	12
23001	8
46633	2
14582	7
5219	11
60830	3
34295	6
62556	8
69633	5
12586	3
38962	4
7000	11
22002	11
9547	3
37494	3
239	8
14168	3
42405	2
10476	3
72174	4
21900	4
17753	8
20959	2
1673	3
16375	10
48815	6
36749	5
36510	6
1864	5
1632	4
23299	9
69417	3
13932	2
21596	10
7446	12
8535	11
22626	7
17623	11
16642	6
34370	10
5653	3
31348	6
2965	4
31963	10
21187	6
42720	12
23166	11
16901	6
6928	11
10426	5
45117	1
11440	7
21124	5
44589	11
70681	8
24808	11
25813	8
32324	1
6829	11
1105	6
42003	10
30934	9
42184	5
19053	8
6679	7
26400	3
12599	6
27885	1
19357	4
28957	2
43430	7
63195	6
8927	9
47349	9
30490	8
18901	4
22259	6
507	10
31177	1
38604	11
49281	6
36271	11
26044	2
49532	3
12229	10
31513	11
36586	1
20765	11
38098	3
71938	3
25531	1
34442	5
11555	10
45627	3
26902	2
43725	6
45553	8
36241	9
5577	11
5910	7
12286	11
35793	10
20598	11
20143	6
31295	2
7399	5
46639	9
47831	4
48646	7
68771	6
38033	2
9206	5
39314	9
16614	9
11340	5
4683	6
39940	4
14159	6
10873	2
42746	9
2719	9
6028	11
398	8
29582	8
70109	5
12997	3
17200	8
47985	5
11508	9
47484	5
1518	9
12175	5
8549	12
68963	7
6954	6
62863	10
19937	5
13797	11
71402	11
19312	4
41928	6
4574	1
14532	5
12879	10
72114	1
47171	8
25152	10
29237	7
11383	11
24290	10
23652	6
6408	3
57784	4
19627	3
37311	10
62835	11
45864	4
18144	5
29597	11
36699	1
26781	9
41200	3
20962	11
40816	12
4291	8
14047	11
11619	5
31457	6
20790	8
23809	7
21730	3
6481	1
1998	3
18743	4
60320	10
3437	7
19943	7
13341	1
13792	2
69244	4
6659	6
30765	1
45412	7
36287	7
48970	4
46247	1
14244	4
9724	11
46180	2
48033	6
25291	8
560	11
24995	10
35063	7
59166	4
8674	11
22481	6
4939	12
33173	8
48082	4
18769	1
10623	1
48089	8
28345	4
41962	6
10499	8
21348	3
36817	9
61651	9
3260	9
32113	12
48382	3
21522	5
14479	11
57643	6
11913	2
1407	11
16829	5
3277	3
38163	5
22533	11
40161	2
18687	11
34818	6
7200	10
9429	7
5175	10
18255	10
10780	1
28702	3
28672	1
29208	8
17665	4
41622	9
39832	10
13918	11
19416	3
16652	2
19483	6
71465	5
39336	4
42871	4
47984	6
30948	10
19955	10
17342	6
16161	2
7228	9
4950	8
24253	9
17010	8
22938	9
1562	7
43876	1
47675	11
6557	5
18966	4
10224	9
114	1
13914	2
9483	6
14158	3
36645	11
58417	5
17970	3
13613	11
13342	10
31106	2
37728	8
30320	12
25434	5
45716	7
49604	6
29436	3
6066	9
33599	2
1586	1
14651	2
36082	6
6699	11
18686	8
18045	3
44600	11
37025	8
1862	6
32965	6
8938	9
24952	8
15011	2
375	5
28484	2
45293	11
28074	5
1683	3
14881	5
21164	9
9392	6
2921	7
42843	2
42690	4
5862	4
14692	4
16415	11
44786	1
26600	6
9749	5
1190	10
6718	11
22962	7
46064	8
48771	5
42951	8
28550	10
14387	10
30640	8
38338	8
44640	5
3255	6
23552	3
9726	10
14559	3
22454	1
45193	2
362	11
40038	3
34732	11
47163	8
47037	9
4431	5
47295	5
7714	4
6064	4
5048	2
5873	4
29666	9
17595	6
13480	8
23247	11
11448	2
48025	7
15927	3
69247	10
59306	4
33538	1
29736	9
28411	6
13504	3
13410	2
46774	5
47395	11
9466	3
33922	5
45398	11
28289	1
7279	6
4235	12
26136	7
28188	12
30703	10
44966	2
14836	10
7192	9
72000	10
42238	1
42241	1
12757	1
45768	11
44978	6
58714	4
22593	7
23085	11
28156	10
39402	10
47067	11
43413	7
28423	3
44832	2
41386	8
25801	3
46793	7
33793	12
39391	3
45640	1
28556	5
45247	4
48453	6
34192	3
71793	3
17153	4
21335	1
15587	10
62525	1
18432	1
70498	6
7222	10
11169	10
5193	7
26139	7
42357	3
26390	9
42324	5
149	11
29461	8
25625	10
32094	10
47643	4
61916	6
40015	11
6633	12
59331	8
68967	2
36178	1
6391	8
48939	12
34146	8
19506	1
39472	5
15788	5
34799	7
38254	6
25662	11
32226	10
37244	9
45712	6
133	2
7309	11
23256	7
46375	10
20697	12
24309	3
19772	3
21628	7
29006	1
33926	9
14451	5
69690	6
6127	2
25725	2
32340	4
12961	5
30929	12
7504	8
32337	3
49538	4
2227	4
45172	2
1208	12
31159	5
16056	1
18077	11
44182	10
38724	3
48288	6
22599	9
11404	3
38202	3
26056	9
15668	4
9767	3
59297	11
13068	3
26063	6
28058	4
70814	4
15520	11
37695	7
27836	7
42111	2
41313	7
31268	10
3713	11
46059	6
18261	3
60128	2
30920	2
9108	9
45032	8
16658	9
3320	9
40439	8
47526	6
45977	10
24116	12
31015	5
18698	3
25656	5
45754	3
69536	11
17617	1
10556	6
30711	6
48050	11
20393	8
44974	4
27748	7
12613	3
2059	11
44119	9
27206	3
14913	1
35152	11
39107	4
61110	5
25519	9
29325	8
19910	12
3225	12
43508	4
36459	7
40639	9
16146	7
16618	9
6825	2
15675	2
49888	3
38138	5
12723	9
15017	6
17330	10
14205	10
12696	10
11493	11
60168	7
35954	4
23171	5
3989	12
47840	9
43867	3
23847	5
7322	6
10434	4
16132	8
12788	11
38770	2
62122	7
33445	11
18697	9
25642	3
5851	3
19998	12
46256	11
7509	6
32465	2
41718	7
37063	11
72079	4
35298	8
28662	10
11690	1
47908	6
13811	6
37417	9
41080	1
20939	9
39748	10
40354	10
39317	11
6636	9
38504	11
13943	11
62620	8
42469	7
37676	3
15028	7
27407	11
14908	8
1604	9
15407	11
44422	8
13057	7
44859	3
34991	6
47141	10
9810	5
15526	10
48159	8
8260	1
29854	12
41342	4
16804	10
39552	4
39996	6
32849	6
57610	6
46599	5
21226	6
31297	1
24648	1
11458	11
27245	5
8136	11
14973	8
15124	11
10595	11
13910	4
48489	3
34007	3
46812	8
7153	6
22312	2
32703	12
27607	4
3416	1
42106	7
42591	7
44274	11
29223	8
61518	4
62193	9
22110	11
34667	6
6210	3
21246	3
25238	5
41986	11
27286	11
17267	6
13194	7
31186	11
6983	3
20977	5
8728	3
42465	6
11951	11
43522	5
41696	7
62009	7
41509	9
20247	11
31715	4
36719	3
25818	9
46884	11
71947	5
4865	1
69703	6
8029	4
24401	3
44115	4
61036	7
34490	5
16912	8
17974	9
13471	5
48018	11
23709	12
24519	1
26036	8
17980	1
20870	1
28033	11
21001	6
39837	8
34489	7
47881	5
30786	4
8763	4
48250	2
44918	6
20880	11
16014	5
42702	9
23640	7
42006	7
25998	11
12262	3
20581	6
2706	3
6722	6
35125	7
19737	9
48006	3
34234	9
44550	11
45815	11
20995	5
12565	1
25887	4
57523	9
30013	1
9390	11
34837	9
14813	4
8765	3
15391	2
38242	4
1159	4
10603	5
14187	11
25343	1
20733	6
42712	11
6450	3
38167	3
33679	11
70059	1
1234	2
41122	7
2	5
5244	7
30980	3
17851	8
69355	12
39002	10
33429	5
26209	6
71446	6
5799	8
6613	6
35487	3
49142	5
32639	8
7189	4
21077	4
17313	2
165	11
29393	12
43707	6
29179	9
70922	11
31254	8
16474	8
16047	9
21063	4
29731	9
48862	6
1824	2
37551	6
6455	8
9469	3
45735	10
24835	4
20594	5
41351	3
18123	11
2907	11
4823	5
24557	5
23105	8
24938	7
19089	4
22227	11
6863	4
23336	6
71209	8
61152	12
41605	8
21733	12
45771	8
36597	4
26883	6
38870	6
27887	6
21091	9
30736	11
57215	8
40934	3
10511	7
20320	1
11221	8
10315	11
17088	2
30130	7
30762	5
38292	5
70870	2
36979	2
46285	3
49706	11
24340	7
9512	3
6772	10
70603	11
5779	7
8969	5
30969	5
32422	5
34811	7
36875	8
30514	3
40266	4
26185	5
26930	3
29523	3
37273	4
27279	8
38159	8
20579	9
10084	11
12674	7
7506	7
10907	5
7735	3
36246	9
7557	4
68283	8
62482	9
44861	4
13762	2
16017	1
12467	2
14508	7
11316	6
21274	8
38755	7
48470	1
24694	3
1054	8
5031	1
32044	4
36698	11
29277	10
12711	3
38438	10
14854	11
69582	9
46271	1
62828	11
39171	3
5349	1
43950	2
10252	5
3741	9
68402	10
49115	9
17474	6
24844	4
2080	11
32244	8
44755	8
13705	5
48788	1
46395	5
25495	3
12763	5
12776	6
23182	5
25470	10
1730	10
32184	6
30878	12
26474	4
38517	3
61206	11
9027	11
47553	5
8473	7
3450	5
61132	1
25870	5
12717	1
26029	4
14011	8
25685	9
13992	1
10450	12
12174	2
14832	11
69366	3
19172	3
6585	7
21737	1
28839	11
19464	11
5806	3
19030	7
62245	5
22170	7
1279	6
48545	4
41003	11
46923	12
62396	4
12522	7
13277	7
10514	3
40414	3
2173	7
25868	6
3515	10
21172	11
3678	7
58861	4
22973	6
16362	3
14049	11
29478	8
37509	7
26475	5
15268	9
14887	9
25811	11
41601	5
24948	2
15066	4
29138	4
19375	11
39173	10
40580	12
20695	3
1021	3
3519	4
24257	5
14495	7
1905	11
7113	4
27339	8
1053	5
16428	3
17406	1
36608	2
31095	9
8712	8
16974	3
23054	2
7798	3
11290	3
27930	1
18460	9
9398	4
4356	6
42997	8
38123	10
35035	7
45362	3
9021	7
70831	3
60572	12
7841	5
7414	4
35797	3
36574	9
58568	8
12869	5
24517	9
42896	4
12857	7
27864	8
33667	4
37055	7
36730	5
47202	9
38902	3
63081	11
29464	5
6660	10
31262	9
43752	12
41933	3
13815	3
3749	11
49732	9
34023	10
59848	4
9450	12
28898	7
21338	8
8717	6
14038	2
23082	9
30735	8
45770	10
48278	2
18170	8
38666	7
37118	3
29227	6
46147	10
29866	8
47992	9
18642	8
23791	7
23920	4
1721	3
32402	6
48886	8
21691	2
49471	9
6969	6
7663	7
12736	4
16481	6
11367	11
19145	12
13973	10
19689	12
60827	7
38187	11
3980	1
16253	3
1073	1
28781	4
11037	5
35884	12
22587	7
6160	2
10846	5
40156	10
71824	4
32432	3
25048	11
46034	3
14609	10
6917	10
1472	4
30632	12
16365	3
19693	11
36954	9
46053	6
20849	8
11863	5
4482	12
9088	5
20004	3
48861	6
22308	3
9166	3
3701	10
46671	10
41975	1
48458	5
37724	6
13873	6
22035	11
20248	4
37607	1
13714	3
41721	7
17463	2
60001	2
3857	9
4465	6
12	8
7685	11
48760	5
2514	10
1374	10
19435	9
35947	3
16871	11
2794	5
47521	1
17231	3
37934	1
6658	3
37797	11
1301	3
27304	9
8150	4
15579	6
11240	2
32989	3
18849	3
18380	2
4399	3
9077	3
12414	10
48993	1
11727	10
46215	8
45338	8
4923	11
44491	3
49919	3
37143	11
27368	5
11985	7
47264	3
61622	6
15782	2
45078	1
33893	5
34618	8
11764	7
43157	2
70755	12
1177	9
20169	2
36041	12
5935	6
48459	2
27882	6
38423	4
28468	6
22313	7
13018	5
29385	1
49184	11
34207	7
25576	10
33964	3
27498	9
25695	11
15052	1
12204	12
19645	10
34154	5
49767	6
30800	11
10982	3
69694	8
33618	10
39134	11
47972	11
29372	5
18568	2
12254	10
23527	10
12876	4
24922	6
16430	2
4695	11
9594	6
48934	2
20714	6
14219	9
32169	5
41681	4
17796	11
42788	5
47173	10
37871	11
20580	12
70401	6
21727	4
1027	9
12511	11
3997	5
30094	6
20948	8
1463	6
69182	4
30910	5
7847	8
26449	11
21892	8
4842	3
24730	11
10750	10
35865	12
37515	4
19976	5
45033	2
26611	2
30546	8
12406	9
14649	8
34038	11
13272	5
27041	2
32382	7
22244	6
62947	11
33857	12
20718	3
28893	2
38182	1
23627	1
44982	9
42942	1
10074	7
17147	10
34325	11
28650	8
16528	11
2326	11
6356	9
12240	4
43275	7
32333	3
32955	10
7224	7
17164	5
22841	8
26913	3
20994	1
63072	8
30784	3
46838	2
20500	10
33977	4
28359	4
35873	2
49280	6
61113	6
11831	7
8025	7
26179	5
10158	2
44987	9
24181	1
43999	11
29224	7
43207	3
18214	1
23504	3
59381	8
34568	10
11168	4
49775	9
49583	11
45643	7
17834	3
16648	5
40601	2
35340	9
15290	6
221	5
45759	3
13781	7
33997	3
6899	6
15682	5
854	10
31247	7
40056	10
26406	11
12699	4
25360	8
7061	3
38859	11
14315	7
39122	9
18552	8
21407	2
5533	7
45403	12
19000	10
14956	11
13423	8
18836	12
29961	7
41576	8
23642	9
42935	6
12039	8
14126	6
13785	7
34808	11
37078	11
10575	8
5336	3
30846	3
71328	9
35909	1
23209	4
22076	4
27962	7
17622	2
43783	1
308	3
32632	10
35072	3
40984	4
19265	2
27814	7
68640	11
47788	4
8259	12
28482	6
24509	8
45379	2
39027	7
9023	8
25335	6
46761	12
47720	1
43191	5
4263	3
13866	10
70516	2
43862	11
47705	1
61322	10
38304	8
59419	6
57172	4
12496	6
69722	3
23241	11
45964	3
24773	10
25337	10
8093	5
59337	2
49315	3
32564	5
35324	3
385	1
70602	5
32966	10
61213	9
12553	9
27916	7
11543	2
17111	1
20814	9
13884	9
42677	9
15591	3
14678	5
19712	6
42543	7
33784	1
59395	2
17815	3
46433	10
8313	8
39169	11
24673	7
35312	3
34275	7
26131	9
25649	10
823	11
7183	3
48168	8
11943	10
29241	9
49938	10
11522	10
8800	8
17211	10
26723	2
43647	7
47060	9
6479	8
68343	9
44275	7
45588	11
39019	8
8741	9
18609	4
12408	7
39889	3
71495	6
45322	9
28102	10
20926	11
25393	10
19151	8
18428	4
46131	6
14273	11
43165	9
17467	11
30566	6
29571	9
23019	3
9686	9
27354	11
36179	7
3282	1
6260	3
27311	2
26546	5
6668	4
24124	3
31134	11
11227	2
9046	1
45131	6
48899	6
13197	12
16218	1
62930	3
42453	8
4759	3
49242	1
39151	7
13904	3
1042	5
10768	10
20654	7
23602	6
11348	3
45506	11
26282	11
35972	3
13444	11
37439	3
46728	4
7009	6
1515	6
42920	10
49546	3
1772	4
14776	3
13720	7
1546	11
19827	5
13146	11
14285	7
23144	6
18420	1
1886	3
6186	4
9730	12
35157	7
20035	10
5993	6
1786	2
35124	1
17185	4
13795	8
37359	8
3589	7
21355	5
12305	5
19378	11
20246	8
1400	7
68675	1
71784	5
9853	4
69663	5
17958	9
14694	3
20904	8
68295	2
70622	8
1547	5
1579	2
24175	5
19292	3
31787	8
36465	7
5139	6
8106	4
3709	4
18856	6
21912	4
40669	4
38710	12
43602	1
34718	9
48311	11
11544	3
32457	9
14173	8
10046	11
20373	9
28928	8
19509	3
68629	8
2626	6
19050	10
1689	5
12252	5
29293	1
36213	5
41128	4
41546	4
63297	1
48770	11
7458	1
2248	7
48775	1
33412	12
1959	6
20238	2
7039	3
31076	3
7773	6
30823	5
69946	11
33169	4
43557	2
38815	11
39215	8
31653	3
40753	1
38297	5
61031	3
47858	6
36440	4
2087	6
6753	11
29298	11
36306	5
41215	10
69312	8
9281	11
13835	7
6732	9
69936	3
8164	8
20637	9
56992	3
30037	1
11271	9
34556	3
30368	2
42655	8
22732	5
69608	5
5734	10
49933	10
1396	7
70130	2
34598	11
41453	9
17481	5
11765	5
25830	3
45934	1
36870	6
45095	1
37808	10
30719	6
40297	8
26364	8
32667	11
39672	1
32316	9
18812	7
18367	1
32664	9
38969	4
45874	11
48477	7
15249	5
40366	6
45455	11
34845	6
25347	1
19673	8
35715	8
298	4
35371	5
29492	2
15636	3
49165	2
45360	3
33745	9
9982	11
24526	12
46047	5
68391	11
22091	1
23363	2
8644	12
16171	10
19933	11
14761	4
24192	10
32904	3
43532	3
37486	10
44237	5
8509	12
42731	6
38797	5
30228	5
24956	6
49394	1
33884	6
49257	9
14864	7
39106	12
33257	6
18645	5
8880	11
40375	3
38496	9
42037	9
7085	2
24958	11
1923	6
22130	12
31693	7
3944	1
63233	3
14614	2
20342	6
20266	2
20499	7
12294	8
21961	8
1582	6
31678	9
39204	4
42587	7
11973	2
37061	1
17762	6
18923	4
15336	11
6524	8
48780	7
11410	8
47904	11
9069	3
32918	3
35308	1
24007	9
11718	11
29583	2
2524	5
18153	3
3737	5
45899	6
59065	9
25432	3
22614	6
354	2
37577	6
36302	5
72061	9
8643	9
6717	5
32231	7
29759	8
45292	8
24913	1
33474	6
42721	9
34145	8
10264	10
70724	11
4554	6
26240	11
45504	10
14299	11
20881	9
3822	4
1744	1
16802	7
16201	10
25031	12
26660	7
43359	4
71391	6
12296	3
18734	6
33102	8
10830	8
4352	4
4359	3
33980	8
28099	10
38131	1
20853	4
26848	4
31397	4
32506	2
25773	10
11502	3
6095	5
37116	9
44569	10
71529	6
41026	4
15880	8
41861	8
24884	1
17128	5
1725	9
33960	8
39145	2
30111	9
5923	8
16758	11
47748	11
28265	5
28724	8
15015	3
25060	4
21931	5
26975	5
187	11
62469	5
5506	3
68870	2
1814	6
33465	7
37269	9
3326	3
5582	7
26676	7
57468	8
62052	4
46875	9
25621	8
352	8
22640	3
17822	11
21265	5
39082	10
9630	11
48242	9
39624	4
47326	4
