68981	2
15828	6
4492	4
45560	10
13609	3
72145	7
36841	8
47492	3
42666	1
3758	6
21515	11
28850	10
13474	5
29153	1
31034	8
19946	4
5482	3
14317	3
9632	4
39536	7
26450	6
60251	2
26032	11
42004	12
780	6
44267	10
22331	7
14435	12
12770	2
32464	9
1466	8
5225	3
28555	5
59401	8
4889	3
29362	3
6395	5
31575	5
20670	9
68851	2
39833	10
33264	8
31777	3
31028	4
11878	4
42985	8
4199	11
23215	2
4955	7
34121	6
38015	8
15684	2
1038	6
5808	9
33709	4
26884	5
35395	11
24489	3
33815	4
17505	4
9544	11
45941	3
47414	11
15859	2
58352	2
69770	6
38832	3
23676	12
35020	2
41449	6
15972	11
40289	5
9474	7
28254	11
49434	7
30810	1
673	3
19510	7
15053	6
2011	8
44768	9
40674	9
1216	8
11223	5
18880	6
36898	11
28352	3
4901	9
49040	1
34597	6
48400	8
26270	10
61599	2
34060	4
42688	10
2176	5
45760	11
62323	1
35406	10
19909	9
35971	3
23155	10
62064	4
17468	1
19362	4
40037	2
6839	3
36254	6
11885	3
34297	8
11542	7
29003	7
42214	10
21715	12
41724	8
17104	2
36415	5
3256	11
3008	8
26060	4
49123	10
11300	6
40673	1
14282	1
36191	2
28695	11
1114	8
6297	12
58303	4
3541	3
47588	3
4316	5
39704	2
38025	1
8877	8
39779	1
4466	6
33642	10
10685	5
17694	11
27181	2
19281	8
20711	11
9824	1
41093	10
38419	4
13023	7
19209	11
39504	3
26535	3
33565	3
37103	11
42537	10
32107	3
20215	2
45983	11
48692	8
57494	3
21651	9
33846	8
3782	8
44436	1
27788	3
20413	7
32960	6
17886	5
35952	10
46355	4
35513	6
61138	12
13160	8
28327	9
70847	9
31942	8
38670	8
30433	6
26598	1
39849	11
39499	5
31259	10
28361	5
6156	6
25100	2
19825	11
38714	9
4487	6
27900	7
19877	11
26348	3
71125	12
32115	11
42395	9
30704	6
1464	3
8905	8
57354	7
5101	10
22755	11
14786	8
18710	5
41445	8
39799	7
30090	8
28347	3
24159	7
2694	8
1293	9
10574	1
62361	2
46438	7
28395	5
7221	3
17569	2
26025	11
24053	5
4381	8
68390	4
43663	6
30510	3
20779	5
39412	7
20286	3
34401	8
40778	6
45165	9
24235	2
12144	1
35100	6
37085	2
58024	6
24023	8
11000	10
31927	8
35989	5
9460	10
35746	1
36526	2
25839	3
72109	12
9503	4
70099	12
38337	10
36410	12
21595	10
22574	11
10934	11
9674	3
38261	11
21567	8
13476	8
45767	7
38520	3
32590	11
26329	7
43620	9
18778	11
37316	3
16464	2
17705	6
49311	2
25437	8
40080	1
16770	5
12269	6
13505	8
40775	8
4866	7
21414	7
20014	3
45016	12
49385	5
57628	4
47214	11
48501	11
30897	7
3710	2
47674	10
48286	8
15689	3
27318	5
62721	6
3436	5
14408	4
46640	1
30188	4
9657	4
34181	10
264	7
41289	6
37262	9
39040	11
8081	6
2348	6
1843	1
18010	12
2690	3
34025	7
29159	5
26173	9
5307	3
47676	3
40131	2
24659	3
24829	9
30883	8
1258	2
11623	4
36895	3
18548	6
11229	3
5949	6
32516	6
38742	8
145	9
48162	9
24119	5
8695	9
6462	8
12183	3
30676	8
12250	8
23238	6
14490	12
4213	2
31158	7
2434	7
23842	8
7397	10
71178	11
19109	12
16076	6
17968	11
22475	12
45294	11
2418	8
1013	5
12157	10
9881	7
72187	7
29286	11
46187	3
10166	11
4275	4
848	1
12706	7
39461	4
15165	12
26689	9
16314	11
42560	1
22496	4
22840	7
10682	6
4282	3
40171	6
15824	5
1805	7
7090	10
43153	1
7216	5
102	2
23724	5
33965	3
42078	12
44352	7
22601	9
36860	2
17432	9
7726	6
63323	6
2746	3
29826	12
38281	7
26356	8
6731	10
20346	1
30959	7
13234	5
21534	11
38474	7
21844	10
40035	10
27789	4
6777	11
12486	11
7775	3
44940	8
8344	2
62506	10
32680	12
69148	11
44807	4
28060	8
14524	3
32239	1
41669	8
8972	7
1820	3
24455	9
59059	3
69834	3
32378	3
34497	7
5200	4
2132	3
24556	6
40637	10
21634	12
26513	1
9887	11
2236	1
49092	10
32429	11
2525	2
38584	3
21389	4
1977	1
10142	8
37000	1
35143	5
18694	10
48149	3
12321	11
28592	8
41842	5
10486	8
37482	3
18533	10
15714	8
45345	11
13229	8
37756	9
18554	11
18438	9
15302	2
19622	6
11872	7
11823	8
22417	7
28677	5
10669	4
14003	8
35708	3
12113	3
183	8
4345	7
6448	2
29538	6
18620	2
26498	3
43431	12
16972	4
2282	11
29563	7
12472	6
8089	12
62987	10
14697	3
21305	3
30341	1
41964	11
5530	7
10088	10
28631	1
134	6
27904	8
69196	1
46883	4
37703	6
16423	3
7305	4
4588	7
22934	8
13582	7
48535	6
38319	11
22900	11
34414	6
36941	5
21106	11
24051	4
59489	8
14086	7
33347	11
26310	11
16055	4
21186	2
40928	12
71758	9
37002	9
39086	9
20611	3
68843	5
21716	6
29439	8
6860	5
44135	3
16603	10
41225	11
34259	2
24097	5
26162	5
11602	7
42709	10
43376	2
7290	1
8919	6
7806	2
19107	5
39013	8
1046	9
26710	8
22221	11
5042	6
39713	2
25722	5
9036	3
27585	11
45614	11
46932	4
19247	6
39356	1
69259	3
38772	6
45848	10
46127	2
44150	3
2848	1
21996	4
20056	9
32193	6
42760	1
23423	6
62910	8
68491	3
10633	3
3651	9
44396	2
43822	11
32997	9
44565	12
43727	8
2624	11
33675	3
39888	6
27427	4
47169	5
35508	7
3967	8
11839	11
58399	8
15043	7
45048	3
43570	1
18844	11
49769	4
22080	3
46348	6
1424	9
31712	7
45854	9
39892	6
4749	6
24562	3
15645	4
4758	6
62264	6
5740	7
41336	5
20016	11
29014	5
20224	3
36030	5
72142	11
7945	5
35604	1
41498	6
41190	10
2307	6
42627	2
37421	5
21841	4
1240	10
30073	4
43978	1
10547	9
71590	3
25244	3
25284	11
37286	9
5704	8
36993	11
30768	8
58424	4
28062	1
21310	7
37702	8
12642	5
33698	4
25424	11
26451	5
1751	9
47358	1
47240	2
1039	3
40691	6
25414	10
11937	3
17140	1
49212	3
45790	4
57096	8
48234	12
28501	5
37120	5
43762	8
291	3
62069	12
8783	6
12332	11
4156	5
16352	5
18289	6
49091	4
28713	4
20116	4
63188	11
43893	8
49884	8
11704	3
8009	8
31171	8
2877	1
9068	11
45424	11
3806	6
48104	1
61999	9
35074	8
20464	7
5441	10
31921	2
38567	3
7423	10
1052	12
30149	4
39702	6
12370	7
71844	3
14113	11
26422	4
2369	8
22206	11
44653	3
19565	12
11929	3
26707	1
36235	8
46911	5
11296	9
19090	6
45387	7
31516	6
1462	2
21	11
46337	7
11557	4
40031	7
5739	1
5214	8
22944	11
48768	8
35468	5
4522	10
45817	9
34218	10
12810	4
31039	11
32041	11
24379	3
17280	1
49598	2
23834	7
16941	10
22826	10
26531	6
30400	3
22007	5
43012	1
15661	6
15195	5
5003	6
49032	6
33619	9
43155	5
32009	2
42660	1
12847	8
44180	1
29719	9
25357	1
31051	2
43100	6
42850	4
7973	4
22793	10
7934	1
68962	3
70895	7
60567	12
17937	9
30617	9
27153	8
48100	3
31561	9
30178	5
29777	2
42495	10
43599	3
1353	3
71630	9
33674	3
36050	10
15548	6
34141	10
11948	2
31940	12
41245	10
1231	3
69378	7
71932	3
46648	6
39800	10
3079	10
69347	1
19521	7
27242	6
26812	6
15993	4
49505	1
16885	8
22449	11
17222	3
41139	7
37396	5
13462	5
9401	8
37270	5
49818	3
45377	11
9256	8
11211	4
24580	11
24998	6
41201	3
42948	3
71833	8
15310	7
25368	5
9490	6
3114	6
47275	8
11699	8
3392	11
25333	6
2057	4
42687	3
38828	2
39033	4
47803	12
38121	2
4813	1
5857	6
7922	8
4071	6
31486	6
29811	3
18908	10
48689	3
41782	7
23015	9
31807	8
15295	9
42790	10
40738	9
39238	10
24863	11
31687	10
38561	6
71871	4
3748	5
41717	7
20863	4
8098	8
4502	3
18730	8
38252	7
6309	5
38031	1
69365	5
29262	3
23884	8
38694	7
4043	10
30008	9
48267	8
43832	7
25635	6
39685	4
32177	1
18834	3
36061	9
8690	9
18387	6
10042	11
45842	3
28105	8
11066	8
33753	1
34544	6
45350	11
1325	6
24713	12
23007	3
17459	4
15204	10
19471	10
5197	12
39406	8
3645	3
15843	11
34990	4
35812	9
1478	10
1717	6
2782	10
37712	6
49336	3
7947	5
48468	11
69186	3
29460	10
9	7
38195	1
20154	4
21518	7
28940	2
10626	12
27455	10
41119	3
25803	11
17929	6
23075	8
32785	5
36068	9
34906	11
58916	9
33579	11
42663	3
35628	1
5604	6
22680	4
1587	8
32233	5
47327	4
38155	11
2825	2
6581	8
37595	11
38391	3
36869	5
30093	5
14804	11
9254	4
10160	9
42982	11
59736	10
32021	7
28390	10
45673	5
21576	2
29611	4
4531	12
23001	8
46633	2
14582	7
5219	11
60830	3
34295	6
62556	8
69633	5
12586	3
38962	4
7000	11
22002	11
9547	3
37494	3
239	8
14168	3
42405	2
10476	3
72174	4
21900	4
17753	8
20959	2
1673	3
16375	10
48815	6
36749	5
36510	6
1864	5
1632	4
23299	9
69417	3
13932	2
21596	10
7446	12
8535	11
22626	7
17623	11
16642	6
34370	10
5653	3
31348	6
2965	4
31963	10
21187	6
42720	12
23166	11
16901	6
6928	11
10426	5
45117	1
11440	7
21124	5
44589	11
70681	8
24808	11
25813	8
32324	1
6829	11
1105	6
42003	10
30934	9
42184	5
19053	8
6679	7
26400	3
12599	6
27885	1
19357	4
28957	2
43430	7
63195	6
8927	9
47349	9
30490	8
18901	4
22259	6
507	10
31177	1
38604	11
49281	6
36271	11
26044	2
49532	3
12229	10
31513	11
36586	1
20765	11
38098	3
71938	3
25531	1
34442	5
11555	10
45627	3
26902	2
43725	6
45553	8
36241	9
5577	11
5910	7
12286	11
35793	10
20598	11
20143	6
31295	2
7399	5
46639	9
47831	4
48646	7
68771	6
38033	2
9206	5
39314	9
16614	9
11340	5
4683	6
39940	4
14159	6
10873	2
42746	9
2719	9
6028	11
398	8
29582	8
70109	5
12997	3
17200	8
47985	5
11508	9
47484	5
1518	9
12175	5
8549	12
68963	7
6954	6
62863	10
19937	5
13797	11
71402	11
19312	4
41928	6
4574	1
14532	5
12879	10
72114	1
47171	8
25152	10
29237	7
11383	11
24290	10
23652	6
6408	3
57784	4
19627	3
37311	10
62835	11
45864	4
18144	5
29597	11
36699	1
26781	9
41200	3
20962	11
40816	12
4291	8
14047	11
11619	5
31457	6
20790	8
23809	7
21730	3
6481	1
1998	3
18743	4
60320	10
3437	7
19943	7
13341	1
13792	2
69244	4
6659	6
30765	1
45412	7
36287	7
48970	4
46247	1
14244	4
9724	11
46180	2
48033	6
25291	8
560	11
24995	10
35063	7
59166	4
8674	11
22481	6
4939	12
33173	8
48082	4
18769	1
10623	1
48089	8
28345	4
41962	6
10499	8
21348	3
36817	9
61651	9
3260	9
32113	12
48382	3
21522	5
14479	11
57643	6
11913	2
1407	11
16829	5
3277	3
38163	5
22533	11
40161	2
18687	11
34818	6
7200	10
9429	7
5175	10
18255	10
10780	1
28702	3
28672	1
29208	8
17665	4
41622	9
39832	10
13918	11
19416	3
16652	2
19483	6
71465	5
39336	4
42871	4
47984	6
30948	10
19955	10
17342	6
16161	2
7228	9
4950	8
24253	9
17010	8
22938	9
1562	7
43876	1
47675	11
6557	5
18966	4
10224	9
114	1
13914	2
9483	6
14158	3
36645	11
58417	5
17970	3
13613	11
13342	10
31106	2
37728	8
30320	12
25434	5
45716	7
49604	6
29436	3
6066	9
33599	2
1586	1
14651	2
36082	6
6699	11
18686	8
18045	3
44600	11
37025	8
1862	6
32965	6
8938	9
24952	8
15011	2
375	5
28484	2
45293	11
28074	5
1683	3
14881	5
21164	9
9392	6
2921	7
42843	2
42690	4
5862	4
14692	4
16415	11
44786	1
26600	6
9749	5
1190	10
6718	11
22962	7
46064	8
48771	5
42951	8
28550	10
14387	10
30640	8
38338	8
44640	5
3255	6
23552	3
9726	10
14559	3
22454	1
45193	2
362	11
40038	3
34732	11
47163	8
47037	9
4431	5
47295	5
7714	4
6064	4
5048	2
5873	4
29666	9
17595	6
13480	8
23247	11
11448	2
48025	7
15927	3
69247	10
59306	4
33538	1
29736	9
28411	6
13504	3
13410	2
46774	5
47395	11
9466	3
33922	5
45398	11
28289	1
7279	6
4235	12
26136	7
28188	12
30703	10
44966	2
14836	10
7192	9
72000	10
42238	1
42241	1
12757	1
45768	11
44978	6
58714	4
22593	7
23085	11
28156	10
39402	10
47067	11
43413	7
28423	3
44832	2
41386	8
25801	3
46793	7
33793	12
39391	3
45640	1
28556	5
45247	4
48453	6
34192	3
71793	3
17153	4
21335	1
15587	10
62525	1
18432	1
70498	6
7222	10
11169	10
5193	7
26139	7
42357	3
26390	9
42324	5
149	11
29461	8
25625	10
32094	10
47643	4
61916	6
40015	11
6633	12
59331	8
68967	2
36178	1
6391	8
48939	12
34146	8
19506	1
39472	5
15788	5
34799	7
38254	6
25662	11
32226	10
37244	9
45712	6
133	2
7309	11
23256	7
46375	10
20697	12
24309	3
19772	3
21628	7
29006	1
33926	9
14451	5
69690	6
6127	2
25725	2
32340	4
12961	5
30929	12
7504	8
32337	3
49538	4
2227	4
45172	2
1208	12
31159	5
16056	1
18077	11
44182	10
38724	3
48288	6
22599	9
11404	3
38202	3
26056	9
15668	4
9767	3
59297	11
13068	3
26063	6
28058	4
70814	4
15520	11
37695	7
27836	7
42111	2
41313	7
31268	10
3713	11
46059	6
18261	3
60128	2
30920	2
9108	9
45032	8
16658	9
3320	9
40439	8
47526	6
45977	10
24116	12
31015	5
18698	3
25656	5
45754	3
69536	11
17617	1
10556	6
30711	6
48050	11
20393	8
44974	4
27748	7
12613	3
2059	11
44119	9
27206	3
14913	1
35152	11
39107	4
61110	5
25519	9
29325	8
19910	12
3225	12
43508	4
36459	7
40639	9
16146	7
16618	9
6825	2
15675	2
49888	3
38138	5
12723	9
15017	6
26812	4
17330	10
398	5
14205	10
62835	12
12696	10
18438	6
11493	11
21348	7
48025	8
17010	1
13068	4
60168	7
36841	8
5949	12
35954	4
33753	1
37728	5
31158	4
22900	10
23171	5
49532	5
31513	3
45387	3
5003	10
22793	3
4758	4
18261	2
3989	12
47840	9
43867	3
23847	5
7322	6
10434	4
16132	8
18908	7
47169	10
10685	8
12788	11
15824	4
38391	6
38770	2
62122	7
23007	8
36749	3
33445	11
39704	12
18697	9
3392	3
26136	10
25642	3
5851	3
19998	12
8877	5
11066	11
17432	6
38604	6
20697	5
46256	11
7509	6
32465	2
41718	7
13234	1
21187	8
58916	8
29736	1
37063	11
25519	7
72079	4
49281	8
35298	8
41962	6
28662	10
11690	1
47414	8
26390	8
47908	6
27788	9
1293	5
1462	10
32009	2
38155	2
13811	6
37417	9
41080	1
38254	8
20939	9
39748	10
20014	3
40354	10
10476	7
43663	4
30490	4
26422	2
39317	11
6636	9
38504	11
6825	3
13943	11
33264	11
62620	8
42469	7
37676	3
9503	3
3436	10
10088	3
44436	5
39461	11
15028	7
24829	5
27407	11
14908	8
1604	9
15407	11
44422	8
13057	7
23015	11
18687	3
21164	3
44859	3
34991	6
47141	10
9810	5
9036	2
15526	10
37421	3
48159	8
8260	1
29854	12
41342	4
3713	3
16804	10
39552	4
16314	7
25725	6
34990	9
11340	7
39996	6
1039	10
32849	6
57610	6
46599	5
33965	2
21595	1
21226	6
31297	1
24648	1
11458	11
27245	5
8136	11
14973	8
28550	6
45712	8
3758	3
45016	7
26400	1
20765	9
35604	1
2694	1
7192	11
15124	11
33709	11
5739	3
291	10
10595	11
39536	5
44182	7
13910	4
70109	11
48489	3
11872	7
34007	3
145	5
14804	10
46812	8
7153	6
18620	12
16076	1
26063	10
28062	2
10626	8
22938	3
48689	4
22312	2
47327	5
32703	12
27607	4
3416	1
42106	7
42591	7
44274	11
29223	8
61518	4
21515	7
29597	12
8009	3
47214	10
62193	9
37025	10
43832	6
20413	10
22110	11
34667	6
6210	3
21246	3
33599	9
25238	5
30934	8
36061	2
41986	11
27286	11
17267	6
18743	4
36895	4
13194	7
39406	3
31186	11
6983	3
14244	10
20977	5
34297	8
8728	3
45716	7
42465	6
37703	7
11951	11
1466	8
43522	5
41696	7
62009	7
69690	8
41509	9
38561	11
5910	6
23724	12
20247	11
11300	12
3255	7
60128	10
45760	11
31715	4
36719	3
61138	4
45048	1
30510	10
34060	1
1977	2
28631	10
25818	9
7934	2
19622	3
38670	3
46884	11
12706	12
30897	8
71947	5
4865	1
23085	3
38772	7
69703	6
39013	12
5042	3
47676	1
4574	6
8029	4
16885	2
24401	3
44115	4
4345	8
45767	7
61036	7
34490	5
7714	11
46883	2
19955	6
14881	11
16912	8
17974	9
1632	5
13471	5
38828	4
45768	9
48018	11
23709	12
24519	1
68491	7
12472	7
26036	8
36068	1
17980	1
20870	1
7504	9
28033	11
21001	6
4275	6
39837	8
45614	10
34489	7
63323	2
47881	5
30786	4
44940	4
102	8
8763	4
48250	2
44918	6
8938	1
24097	12
27789	6
20880	11
26598	10
10486	10
16014	5
38195	3
42702	9
23640	7
42006	7
57643	6
25998	11
12262	3
1208	6
20581	6
31268	11
12144	8
2706	3
6722	6
33579	8
40674	11
35125	7
19737	9
48006	3
18778	3
41336	3
34234	9
16618	8
47240	3
44550	11
45815	11
20995	5
58352	7
25801	8
71402	5
4813	7
12613	3
22007	2
27748	2
12250	2
12565	1
25887	4
9674	9
69244	8
57523	9
30013	1
9390	11
34837	9
14813	4
12961	11
68963	7
8765	3
38261	10
17595	5
15391	2
38242	4
1159	4
10603	5
14187	11
25343	1
20733	6
42712	11
20143	10
6450	3
38167	3
23423	9
33679	11
70059	1
1234	2
22626	2
41122	7
2965	12
36645	8
14692	4
2	5
14408	9
5244	7
30980	3
17851	8
69355	12
8783	2
17153	11
28695	5
39002	10
15689	5
30883	2
3710	5
33429	5
26209	6
71446	6
5799	8
6613	6
35487	3
28411	10
49040	12
49142	5
31177	3
32639	8
7189	4
21077	4
17313	2
4866	7
134	8
165	11
41782	6
45790	9
29393	12
11623	11
43707	6
29179	9
70922	11
31254	8
16474	8
16047	9
21063	4
39402	10
29731	9
48862	6
15043	11
43508	11
1824	2
37551	6
18834	10
39472	3
6455	8
9469	3
10042	6
45735	10
26902	3
42537	8
24835	4
27206	5
42560	2
32340	5
31940	8
19107	6
15295	8
20594	5
41351	3
26781	5
28713	12
29208	3
18123	11
2907	11
69770	4
27904	3
21844	10
17222	8
4823	5
24557	5
23105	8
24938	7
11878	7
19089	4
22227	11
32516	12
6863	4
23336	6
71209	8
61152	12
41605	8
12770	3
42003	11
7290	11
21733	12
3748	9
38567	11
45771	8
48100	10
36597	4
19772	12
26883	6
68962	7
38870	6
27887	6
21091	9
25244	2
30736	11
57215	8
38714	2
40934	3
10511	7
20320	1
11221	8
19109	8
10315	11
25839	11
34192	1
17088	2
30130	7
30762	5
34370	4
42666	8
17280	4
38292	5
70870	2
24998	12
21414	4
36979	2
36287	11
46285	3
31807	8
49706	11
3260	11
24340	7
4531	11
9512	3
6772	10
43100	10
70603	11
5779	7
46187	1
11000	2
16901	3
44653	6
9401	12
8969	5
30920	6
1114	11
69536	5
30969	5
22080	4
32422	5
43876	5
34811	7
36875	8
12586	2
30514	3
40266	4
26185	5
32041	8
26930	3
30703	8
29523	3
37273	4
27279	8
15310	3
38159	8
1562	5
20579	9
10084	11
57354	8
42687	6
59401	6
16375	9
38252	3
12674	7
22944	5
7506	7
45560	9
10907	5
7735	3
36246	9
42663	11
17968	6
46932	8
40289	3
7557	4
68283	8
62482	9
14317	4
44861	4
71793	3
848	2
38724	6
29159	2
13762	2
16017	1
12467	2
14508	7
11316	6
21274	8
38755	7
48470	1
14003	9
24694	3
13474	5
31051	7
33619	10
1054	8
5031	1
32044	4
36698	11
29277	10
12711	3
14651	5
45553	7
38438	10
32115	11
28347	10
14854	11
27242	1
21651	1
69582	9
46271	1
2921	11
62828	11
38520	11
39171	3
28677	9
5349	1
42357	3
5530	4
62525	11
43950	2
10252	5
3741	9
68402	10
49115	9
17474	6
28156	11
24844	4
43155	11
2080	11
63195	1
32244	8
40691	8
44755	8
22601	4
48033	7
13705	5
10160	6
23652	9
41313	8
7399	4
43570	3
69186	8
72145	4
48788	1
34442	10
32021	1
46395	5
11169	3
48646	10
25495	3
26139	4
12763	5
22755	7
17459	3
12776	6
23182	5
1998	2
25470	10
1730	10
4522	11
49032	8
19877	11
32184	6
48453	6
42982	4
44589	8
30878	12
59297	3
26474	4
2877	9
38517	3
28702	6
61206	11
9027	11
41842	10
47553	5
8473	7
12113	5
3450	5
61132	1
34544	1
2825	3
25870	5
12717	1
43822	3
33538	7
8919	3
26029	4
5808	5
14011	8
36699	9
62506	5
41669	11
8690	8
25685	9
4213	6
13992	1
46633	4
10450	12
12174	2
21567	6
14832	11
69366	3
19172	3
11555	6
32997	2
24863	2
6585	7
21737	1
28839	11
24309	11
19464	11
5806	3
19030	7
6581	8
62245	5
22170	7
71178	2
1279	6
47588	9
17569	6
28556	1
48545	4
72174	9
41003	11
7446	3
46923	12
62396	4
34906	8
12522	7
19362	9
10633	5
13277	7
58399	11
10514	3
40414	3
30178	10
2173	7
25868	6
3515	10
21172	11
22259	11
32094	1
3678	7
32680	10
27900	1
58861	4
22973	6
16362	3
14049	11
29478	8
29826	3
48050	3
37509	7
26475	5
39713	1
15268	9
14887	9
25811	11
41601	5
23299	4
24948	2
15066	4
29138	4
2227	11
6777	5
19375	11
39173	10
40580	12
2848	6
20695	3
38121	7
1021	3
3519	4
24257	5
37702	7
3225	1
36860	7
14495	7
33642	2
1905	11
40131	6
4901	6
15828	8
7113	4
24290	9
12269	7
2525	1
27339	8
560	3
1053	5
26451	10
23884	4
16428	3
49336	9
25414	12
2348	6
17406	1
36608	2
31095	9
41964	1
8712	8
4492	6
36254	3
16974	3
29811	11
23054	2
7798	3
47526	10
14479	11
46648	7
7200	7
18730	10
11290	3
27930	1
18460	9
44974	10
19090	2
18387	8
40816	5
9398	4
4356	6
68967	3
42997	8
13797	4
38123	10
35035	7
11929	5
32590	10
45362	3
9021	7
58424	2
70831	3
20224	7
60572	12
7841	5
7414	4
35797	3
29563	11
36574	9
18533	12
58568	8
12869	5
24517	9
23256	8
42896	4
12857	7
27864	8
33667	4
42850	2
43153	4
35793	3
6839	6
25291	1
37055	7
33698	4
36730	5
40778	9
3541	11
71758	2
24051	11
26162	8
47202	9
38902	3
63081	11
29464	5
6660	10
31262	9
41622	5
43752	12
41933	3
11699	10
36050	1
1013	2
13815	3
3749	11
35971	6
18694	8
49732	9
34023	10
15195	6
59848	4
9450	12
28898	7
21338	8
70847	1
48288	2
8717	6
14038	2
23082	9
22002	1
30735	8
45770	10
44352	6
48278	2
18170	8
45941	11
38666	7
18548	3
7806	11
37118	3
28060	5
5740	2
29461	8
29227	6
46147	10
29866	8
47992	9
18642	8
23791	7
23920	4
3008	3
1721	3
19627	5
36869	7
32402	6
41445	12
15788	11
2307	8
57494	11
17623	7
48886	8
21691	2
45627	6
49471	9
2282	8
24235	8
61651	9
6969	6
7663	7
26600	1
12736	4
16481	6
9547	6
11367	11
23155	10
34218	11
33674	3
19145	12
13973	10
19689	12
22533	8
60827	7
39833	7
2418	11
35100	12
27836	2
38187	11
3980	1
16253	3
1073	1
28781	4
11037	5
9068	6
41289	10
35884	12
22587	7
37756	5
6160	2
10846	5
40156	10
25333	9
19312	3
28484	3
44135	8
71824	4
32432	3
25048	11
29237	11
46034	3
14609	10
11404	12
6917	10
1472	4
30632	12
16365	3
19693	11
36954	9
46053	6
20849	8
43431	8
11863	5
4482	12
69196	6
31516	7
9206	2
41200	7
9088	5
20004	3
19910	8
48861	6
22308	3
1325	8
13410	1
9166	3
60830	6
3701	10
4487	8
46671	10
62361	10
41975	1
48458	5
48104	8
37724	6
13873	6
22035	11
20248	4
37607	1
13714	3
45842	6
41721	7
17463	2
60001	2
28074	5
3857	9
4465	6
12	8
4381	11
21335	10
7685	11
47484	9
23552	10
48760	5
2514	10
1374	10
37262	8
28850	12
19435	9
35947	3
16871	11
2794	5
12879	2
4749	5
47521	1
17231	3
26044	11
37934	1
45172	3
6658	3
37797	11
1301	3
27304	9
62264	3
8150	4
15579	6
31039	6
11240	2
48286	8
32989	3
18849	3
18380	2
4399	3
46127	6
9077	3
12414	10
48993	1
46793	5
11727	10
44396	7
46215	8
15684	8
57096	11
45338	8
4923	11
44491	3
49919	3
37143	11
27368	5
11985	7
47264	3
61622	6
133	5
15782	2
45078	1
42790	4
33893	5
35708	9
34618	8
31348	4
20863	10
11764	7
7090	2
43157	2
30073	3
70755	12
1177	9
20169	2
36041	12
45983	8
24808	11
28345	5
22449	1
2746	3
45117	11
5935	6
48459	2
27882	6
239	6
23238	4
38423	4
5862	3
28468	6
22313	7
13018	5
29385	1
49184	11
7922	10
14113	8
34207	7
17617	3
25576	10
33964	3
2057	8
72109	3
44768	4
27498	9
45848	3
25695	11
15052	1
12204	12
19645	10
71844	6
22574	10
20959	1
34154	5
62064	6
2059	4
49767	6
30800	11
11948	5
10982	3
38031	11
69694	8
33618	10
14913	1
39134	11
43893	12
38138	11
29582	7
47972	11
26060	8
2434	3
29372	5
48535	3
18568	2
9657	1
15548	6
12254	10
23527	10
12876	4
25434	6
24922	6
16430	2
20779	4
4695	11
25656	10
22934	11
20393	4
23075	3
9594	6
47492	11
36271	4
48934	2
25368	5
9490	1
21996	6
46337	5
31927	5
20714	6
11383	11
362	4
39040	6
14219	9
32169	5
41681	4
17796	11
42788	5
44180	3
10682	12
47173	10
37871	11
20580	12
11448	3
70401	6
21727	4
1027	9
12511	11
68843	8
38474	8
3997	5
30094	6
24952	1
12847	11
20948	8
11704	2
1463	6
69182	4
42871	4
30910	5
38584	4
7847	8
42184	2
26449	11
21892	8
10499	1
4842	3
24730	11
26025	9
10547	6
46059	4
1478	5
15714	7
68851	4
10750	10
35865	12
37515	4
48970	7
19976	5
45977	3
48939	5
45033	2
62721	4
40439	2
26611	2
6064	10
30546	8
12406	9
14649	8
34038	11
32107	11
13272	5
27041	2
39086	6
32382	7
14582	10
22244	6
62947	11
21596	2
7973	9
33857	12
17342	8
20718	3
28893	2
38182	1
23627	1
70681	8
18289	8
44982	9
42942	1
31942	6
10074	7
17147	10
34325	11
34401	4
28650	8
43413	3
15587	4
16528	11
2326	11
6356	9
12240	4
43275	7
32333	3
32955	10
47349	7
7224	7
17929	8
34121	4
18045	6
17164	5
20056	8
22841	8
6391	9
26913	3
20994	1
63072	8
45345	9
45032	5
30784	3
46838	2
34141	6
11937	6
20500	10
33977	4
10142	2
28359	4
6718	6
35873	2
38281	3
49280	6
48082	3
61113	6
11831	7
49505	8
8025	7
8549	1
26179	5
10158	2
44987	9
15017	8
21522	9
24181	1
43999	11
29224	7
2690	9
45817	4
43207	3
18214	1
41093	6
24023	3
23504	3
6156	1
59381	8
34568	10
11913	3
39849	9
11168	4
34025	2
49775	9
35513	5
49583	11
38033	2
43376	3
45643	7
17834	3
16648	5
23676	7
40601	2
45377	3
12332	12
1805	12
45673	2
35340	9
38832	4
15290	6
7221	3
12183	11
221	5
13932	10
59736	10
44565	11
45759	3
13781	7
36898	8
29439	6
29362	3
33997	3
6899	6
15682	5
854	10
31259	8
22840	10
34818	1
31247	7
40056	10
33347	11
26406	11
30341	6
12699	4
18686	5
25360	8
7061	3
38859	11
14315	7
37316	4
60251	5
7305	12
37595	8
39122	9
18552	8
21407	2
21576	2
19943	12
5533	7
23215	5
45403	12
62910	5
19000	10
47275	11
40775	3
18844	10
63188	2
14956	11
29153	2
31457	9
18010	6
13423	8
32233	4
45864	3
18836	12
29961	7
14086	10
1862	3
28390	1
41576	8
23642	9
34146	8
26710	8
42935	6
12039	8
14126	6
13785	7
14786	11
1424	3
26329	9
35152	7
34808	11
72000	5
2794	5
37078	11
22755	11
38742	8
10575	8
38195	9
5336	3
19693	12
45424	1
30846	3
62556	2
1466	3
673	9
71328	9
33429	7
11885	3
71446	8
30711	8
35909	1
5779	4
23054	11
34732	6
26173	2
4431	7
39314	6
27788	3
23209	4
22076	4
40171	2
42843	9
68390	3
3114	10
41225	4
27962	7
41964	5
39837	10
9068	12
38123	3
17622	2
38121	8
43783	1
19737	5
308	3
59297	8
1586	8
20962	1
32632	10
71824	5
26406	8
17851	3
24401	2
18687	4
12757	4
6356	8
35298	6
35072	3
6777	9
40984	4
42660	8
13018	3
43978	9
31034	6
19265	2
27814	7
12467	8
37703	3
44861	8
15195	8
33565	6
34818	7
46053	7
29237	10
68640	11
40673	10
47788	4
70870	11
25813	3
10547	3
38163	4
4235	7
19645	11
68771	6
6863	1
9469	7
1073	8
8259	12
28482	6
32226	9
36597	7
4466	9
48250	3
72000	6
20939	7
26689	5
5031	5
26883	1
24509	8
23015	10
35708	3
14387	6
29277	6
58024	3
45379	2
1820	1
39027	7
27427	6
34568	11
9023	8
25335	6
46774	1
28074	2
25424	7
46761	12
18077	6
47720	1
22944	8
6613	12
42948	9
46648	9
22680	5
43191	5
32785	7
8150	7
24159	5
4263	3
29811	4
40637	2
15526	6
13866	10
8695	8
70516	2
14692	2
17694	11
46838	1
72109	8
44267	5
43862	11
23238	8
47705	1
32432	5
61322	10
18460	3
33667	8
38304	8
59419	6
398	11
2514	7
45759	5
36993	6
14559	7
45350	2
57172	4
13504	7
29461	11
1751	5
12496	6
28289	5
69722	3
40031	8
72145	10
23241	11
21414	3
39461	9
45964	3
37085	6
45033	9
47264	8
22481	6
24773	10
25337	10
21715	10
6899	11
37728	9
23652	11
8093	5
5739	6
25284	2
59337	2
49315	3
29478	2
49538	11
32009	10
41681	11
28501	5
24489	5
7224	2
44859	7
29523	4
19689	5
32564	5
36041	11
35324	3
61206	7
385	1
70602	5
13785	12
32966	10
13234	11
61213	9
39552	6
6917	11
18686	6
12553	9
42760	7
27916	7
49884	4
11543	2
36068	6
17111	1
23842	10
44436	9
20814	9
25803	12
48286	3
12869	9
13884	9
42677	9
11602	4
9036	7
14582	2
25357	5
36082	1
18289	3
17886	3
22312	3
48861	10
4465	11
46355	8
42942	7
11404	4
15591	3
12321	6
47163	8
32516	5
12723	5
25343	7
23640	2
14678	5
69347	8
19712	6
2326	12
42543	7
33784	1
59395	2
39748	1
3857	3
38755	6
17815	3
46433	10
48545	8
19000	11
2227	1
42746	6
24562	6
16901	5
11878	11
362	6
10166	6
8313	8
33753	9
39169	11
41003	5
37702	1
21186	5
24673	7
2690	4
28060	5
35312	3
1325	6
32107	3
21310	6
69366	5
18836	2
72142	5
12144	10
13992	8
24948	3
28592	1
62122	11
34275	7
23642	2
47173	1
16481	3
16648	8
37421	7
26131	9
21305	6
36860	6
25649	10
47840	11
2782	4
36608	10
39685	3
7228	3
3519	2
62193	2
59401	3
49532	1
20995	10
36954	4
3392	3
15053	6
823	11
16614	6
15682	6
24835	11
6408	1
20697	7
38714	5
15788	6
20464	3
13797	4
30969	10
12522	2
12262	2
7183	3
14038	1
15052	3
48168	8
46127	9
11943	10
22227	3
25868	11
25100	7
10623	4
29241	9
47675	7
49938	10
25870	10
29866	10
1353	9
34007	3
46639	4
30768	10
60830	6
25414	8
133	5
18710	3
18697	4
21892	2
9547	5
39122	2
8136	7
34597	1
37396	11
35152	10
35020	6
11522	10
14887	1
34808	9
5219	5
44565	9
46911	8
25685	1
47214	6
32703	12
8800	8
17211	10
17267	1
26723	2
32193	6
9166	11
70922	6
43647	7
27318	6
36030	3
19825	10
18554	4
26029	6
42357	2
47358	7
11839	6
21844	6
16652	1
26902	1
38670	9
29666	4
19435	5
24659	3
9726	7
47060	9
6479	8
68343	9
44396	8
44275	7
30490	12
18380	10
42720	5
16885	3
19909	1
46034	12
45588	11
31171	2
44832	10
4282	6
70895	5
48501	9
45412	5
28468	11
49123	4
39019	8
34906	4
9392	11
8728	3
24340	2
19362	11
23085	2
44422	5
27455	10
44786	4
8741	9
29159	3
18609	4
12408	7
49706	11
21335	3
46633	12
39889	3
7922	6
8549	2
19521	6
71495	6
19209	11
14973	7
48162	7
45322	9
28898	8
7061	2
20248	9
28102	10
20926	11
25393	10
25887	6
36574	3
19627	8
22934	4
11913	4
7153	11
18908	7
19151	8
14159	5
21164	10
19107	11
43832	2
18428	4
37724	1
41336	3
14479	2
1998	10
24730	5
21534	7
46131	6
31963	4
39134	10
9594	4
47067	4
35406	10
9027	10
61651	3
20714	2
14273	11
11300	5
43165	9
71630	8
32464	8
9657	5
17467	11
28359	8
7798	5
30566	6
29571	9
41975	4
27864	11
44352	1
14086	1
23019	3
45941	4
1159	3
31247	11
10633	5
39800	7
9686	9
27354	11
11831	12
16423	1
26611	8
23256	6
22626	11
17463	10
21106	1
36179	7
6309	2
3282	1
8783	3
6156	7
48382	11
34121	7
10142	10
45770	3
37676	5
2706	1
6260	3
27311	2
26546	5
7557	6
17705	5
39406	1
6668	4
47202	1
24124	3
1052	11
16161	10
31134	11
22599	9
43275	4
29153	8
4865	9
26781	6
3541	10
15684	4
34799	12
42238	10
43876	1
11227	2
9046	1
45131	6
48899	6
26913	9
62910	2
21348	11
44918	6
13197	12
12847	11
16415	4
16218	1
62930	3
42453	8
4759	3
21407	12
15204	2
31486	1
10626	8
36898	3
32382	8
15391	11
47171	4
49242	1
2418	1
40639	4
39151	7
13904	3
19976	2
41351	10
38391	12
41498	3
1042	5
27585	4
12414	5
26475	6
60001	12
48459	4
30980	8
10768	10
41576	5
20654	7
22574	1
23602	6
42537	7
10846	3
4275	1
31712	11
1039	11
21124	3
4043	2
31940	8
29286	3
42004	1
11348	3
7000	5
4199	9
16804	11
45506	11
37712	7
26282	11
34401	8
29224	4
35972	3
10084	6
42709	7
14011	3
23809	12
38419	11
13444	11
1013	4
12876	4
47984	2
23105	2
34192	6
5806	1
21727	4
31297	8
58568	4
37439	3
22417	5
26400	4
7399	5
42935	2
26450	8
42997	1
46728	4
30676	11
1027	4
1105	12
9460	11
7009	6
1515	6
29582	7
42920	10
18880	9
12229	4
45716	3
7934	8
8029	8
49281	6
34811	3
17665	2
11948	5
49546	3
17569	3
1772	4
14776	3
13720	7
1546	11
9256	7
24952	6
12370	7
19827	5
13146	11
3277	5
14285	7
23144	6
45983	6
18420	1
21900	5
45403	10
9490	6
1886	3
17459	5
7113	1
47295	1
58399	8
14609	6
23299	4
31259	5
2080	11
62069	8
63323	3
26356	11
48104	8
7322	10
39996	8
114	11
17231	3
6186	4
26884	9
42951	8
9730	12
37595	1
11690	9
13505	3
1462	3
58417	9
6160	10
31159	8
10934	10
33893	2
4531	3
11448	3
45848	3
11493	6
7279	7
39402	7
37273	1
9088	7
40439	8
1463	3
3436	10
20154	6
28839	5
25695	2
62264	6
6462	3
1021	6
24713	5
22110	4
42003	6
35157	7
1673	3
20035	10
40816	1
5993	6
1786	2
42241	6
3645	7
35124	1
6839	8
28423	4
40691	2
3450	3
15689	2
47588	2
18568	11
36510	7
38504	8
21001	10
49184	10
16314	4
2624	9
1824	11
17185	4
31561	3
17330	10
13795	8
15927	3
13410	7
13476	5
58352	5
3749	4
37359	8
48815	9
32041	8
30008	9
35340	2
7189	10
3589	7
5042	3
10595	12
20733	5
4156	3
39336	7
21355	5
12305	5
44807	3
42560	3
19378	11
21628	4
20246	8
23724	3
44119	6
1400	7
21172	1
16871	10
38517	4
68675	1
38567	10
16362	11
71784	5
9853	4
22259	11
47676	4
41696	2
69663	5
17958	9
18552	3
20346	11
145	3
4889	12
15782	2
45117	4
21737	5
16375	7
41093	2
6660	5
14694	3
20904	8
13914	6
26451	5
31516	6
28850	5
19877	12
68295	2
27286	4
70622	8
25360	2
26535	11
1547	5
25437	7
1053	10
22080	6
1579	2
24175	5
19292	3
25801	6
62835	5
560	10
62396	3
22900	11
31787	8
36465	7
34370	3
5139	6
8106	4
25811	8
38584	10
41622	9
32094	7
7222	10
62361	5
18438	6
3709	4
12174	7
35395	2
47141	8
18856	6
5441	12
21912	4
18620	11
9450	9
71938	6
24922	11
1905	7
13582	1
46395	3
40669	4
24938	6
42896	8
38710	12
22221	2
39002	3
43602	1
44135	6
46064	4
11458	10
34718	9
48311	11
12254	4
11544	3
17140	7
60128	8
39317	11
32457	9
35812	7
14173	8
48089	7
61518	3
20594	8
29362	8
16464	11
10046	11
26209	11
9398	4
20373	9
38319	2
38561	12
28928	8
12332	3
21733	6
19509	3
68629	8
2626	6
19050	10
35797	3
17147	11
10574	10
11542	2
30703	8
28188	8
14158	2
19375	6
9390	5
1689	5
29826	7
24648	9
69148	1
12252	5
59166	7
40156	10
1843	11
33846	8
1562	7
1587	2
10315	4
14451	2
11440	1
7216	11
30510	8
26812	8
29293	1
42324	9
46375	6
23676	5
4813	1
7685	12
13910	3
46285	8
36213	5
41128	4
26310	11
41546	4
63297	1
7446	8
48770	11
7458	1
13272	9
2248	7
48775	1
11168	2
33412	12
1959	6
20238	2
38694	4
9021	5
39391	11
11937	9
58714	6
62525	9
36719	5
16642	12
7039	3
31076	3
44653	5
49434	4
5577	2
48692	7
17595	8
7773	6
4866	5
30823	5
42985	8
8717	1
34490	2
42591	11
13068	7
37055	3
69946	11
33169	4
43557	2
71465	3
38815	11
39215	8
31653	3
34991	2
40753	1
15520	12
30883	8
31039	7
45560	12
8969	12
47553	5
33538	8
30090	8
69259	9
9503	4
38297	5
5857	1
14490	1
33642	4
68981	5
45387	7
1234	10
2	4
61031	3
47858	6
8473	8
36440	4
34667	6
7200	12
16618	2
2087	6
13194	6
19109	11
28390	11
36869	3
14315	4
25519	4
45817	10
35468	9
15548	8
14532	5
20169	11
46247	8
43752	3
3255	6
20695	10
6753	11
40056	2
69690	2
12250	4
24995	12
57494	8
29298	11
36306	5
33793	5
41215	10
69312	8
9281	11
26162	8
13835	7
4842	4
13781	10
30320	1
39849	2
36061	11
6732	9
69936	3
16430	1
17153	8
39536	10
29719	1
35873	5
48862	8
26531	9
12	2
19089	2
8164	8
14832	6
6699	5
20637	9
56992	3
42184	4
3748	6
16055	6
45643	6
30037	1
11271	9
34556	3
30368	2
2348	10
44115	11
42655	8
16056	11
15661	5
1054	8
22732	5
69608	5
5734	10
6127	3
49933	10
27242	4
63072	3
1396	7
34990	8
31295	1
62506	4
70130	2
34598	11
36246	1
48458	3
32680	3
16352	4
13462	10
45754	2
47908	12
5851	8
42690	4
4482	8
18834	11
45771	6
35746	4
71178	12
49092	4
61622	7
1279	6
14187	6
15824	8
36410	11
41453	9
12961	7
17481	5
40037	9
8765	12
11765	5
25830	3
45193	4
13943	7
4950	10
48489	2
26707	8
26179	4
45934	1
45048	8
20116	8
45815	8
31942	2
10780	3
29731	10
43893	10
36870	6
32021	2
68402	12
22035	9
24455	1
45165	3
41509	1
14651	7
32333	4
4381	3
10907	11
40035	7
15843	6
45095	1
37808	10
61152	2
41313	4
30719	6
15972	6
40928	9
40297	8
26364	8
39171	7
25839	11
32667	11
7423	4
21522	10
43727	5
23504	6
8674	11
43950	12
39892	8
13341	3
20948	2
854	5
49769	2
41782	6
5048	7
39672	1
32316	9
32639	11
18812	7
31921	3
12763	12
24051	7
13229	9
18367	1
14908	8
32664	9
38969	4
21996	8
45874	11
48477	7
23791	2
69536	10
15249	5
40366	6
45455	11
16972	6
34845	6
25347	1
19145	8
19673	8
44755	7
4588	11
18010	10
35715	8
11223	8
298	4
10088	5
23182	9
10434	8
35371	5
29492	2
11985	8
26710	1
15636	3
49165	2
13057	2
45360	3
33745	9
9982	11
12486	5
45864	11
2434	3
38772	12
6481	8
24526	12
46047	5
68391	11
22091	1
48006	7
31687	4
61138	5
12586	11
38015	9
30341	2
45377	4
23363	2
43867	2
14697	3
24557	9
28957	4
28555	7
6954	9
8644	12
16171	10
1177	10
19933	11
38202	11
60572	5
12511	8
19910	8
41721	3
12696	7
14761	4
20581	6
45640	5
41962	4
25244	9
39040	3
30910	8
24192	10
5101	3
15124	5
32904	3
45338	11
43532	3
33698	1
1805	12
28550	10
31513	4
23884	5
11699	3
37486	10
39832	10
35125	9
10982	8
4955	8
44237	5
27407	1
28940	5
35143	11
8509	12
17617	7
42731	6
22206	11
28713	8
34442	6
26139	12
57628	5
27887	2
9474	8
5604	1
8712	11
25368	10
13613	3
31777	6
38797	5
33922	3
30228	5
40015	6
7414	6
28105	7
2011	6
48234	7
69417	3
45790	4
1407	3
19357	6
16829	5
30094	10
13918	6
39107	10
62828	9
24956	6
49394	1
1632	2
44600	3
33884	6
31158	11
14282	8
9824	8
49336	9
49257	9
11229	11
14864	7
42790	9
8938	3
39106	12
18778	10
33257	6
46215	6
33926	4
48018	5
47643	7
18645	5
46271	11
60827	5
15587	10
14836	5
8880	11
41718	5
40375	3
34297	11
5799	6
49471	3
17222	11
38496	9
42037	9
17796	6
17929	11
7085	2
24958	11
14813	12
1721	11
1923	6
70814	8
12706	8
375	9
22130	12
20994	8
8098	10
2825	5
31693	7
26270	11
25818	10
28781	5
38666	7
48646	1
3944	1
63195	8
63233	3
14614	2
49280	3
8081	8
20342	6
14881	5
3806	8
30640	9
20266	2
12039	9
20499	7
44768	7
42687	9
16603	9
39713	6
12294	8
27339	2
21961	8
17313	11
40080	3
23834	6
1582	6
31678	9
33173	8
20598	6
23171	9
23527	7
28062	3
38033	7
1374	4
43599	4
28058	3
39204	4
42587	7
43157	3
9544	12
20779	8
28347	7
11973	2
5307	1
13277	6
20670	4
18533	6
47992	11
37061	1
48771	11
17834	3
20849	5
23082	3
30878	10
48470	10
20393	9
45247	11
24863	3
17762	6
18923	4
47831	2
44940	6
15336	11
6524	8
45172	8
22826	9
68843	9
48780	7
11410	8
20977	5
38724	4
47904	11
19172	8
11951	5
46884	4
42405	3
17937	10
31186	10
3678	11
21	7
32989	4
9069	3
24023	4
12183	2
61132	5
19521	2
68343	8
4199	7
40161	8
34038	1
2965	7
32918	3
11458	4
68629	11
30735	11
32115	5
8877	6
21691	8
44859	9
21414	10
35308	1
61138	5
35947	11
24007	9
23847	2
38098	8
9469	6
27407	11
21892	3
4213	9
49818	6
6450	4
42702	8
11718	11
37000	4
39107	10
12204	6
69946	7
45712	8
27864	3
29583	2
22593	8
7113	11
20849	11
49165	6
40297	3
11066	5
9726	8
2524	5
9887	6
18153	3
38187	9
11440	4
40984	3
1258	10
1052	8
34497	6
61213	10
49546	3
10623	10
1689	3
5862	10
12723	7
28928	8
12414	3
3737	5
18645	1
45899	6
16132	9
35604	2
6668	7
19151	7
28672	11
59065	9
22900	10
29811	12
47972	6
46599	5
1562	8
21001	10
25432	3
1478	3
5873	3
22614	6
354	2
18255	1
35715	9
37577	6
45768	6
61206	6
19050	9
28423	2
1039	11
37078	4
21348	9
1673	11
5101	8
1587	11
37728	2
5935	2
1786	3
39779	8
36586	6
10158	8
36302	5
6585	6
32021	10
72061	9
23209	4
23709	6
221	9
32465	7
34370	12
25414	6
17595	11
1027	5
11973	6
46337	8
15824	12
14614	3
47349	9
71932	1
4866	6
49767	5
7322	4
31297	3
42004	10
39356	11
37695	3
48278	3
10873	11
1923	9
23527	5
8643	9
71947	9
32965	2
2877	10
44115	2
6717	5
13943	11
22244	3
42587	8
14524	9
7504	4
7305	4
39888	7
12717	3
20581	2
15165	6
9281	4
47553	1
34598	3
8535	6
23075	5
33169	7
18856	1
61110	4
11240	3
24562	1
3713	4
14887	4
62863	2
32231	7
16901	2
29759	8
3225	6
26270	7
32239	5
26546	6
49471	10
780	6
34414	3
31516	4
6829	5
13444	6
7714	9
24235	11
45292	8
68962	10
24556	6
36841	4
5577	12
42214	11
60830	4
41964	3
24913	1
17211	5
5993	3
40928	6
13229	7
35708	1
45379	1
33474	6
37103	10
7183	8
33965	5
45131	8
42721	9
69663	1
46395	2
12467	11
57784	8
33977	8
12522	5
34145	8
2690	9
21310	9
6722	6
15302	3
9657	7
17467	5
18010	7
41128	11
1805	3
49311	4
40738	6
59848	4
23155	8
68771	11
62620	11
69722	6
32044	10
22170	6
34544	7
39837	9
10264	10
25470	6
48899	9
38254	12
15310	6
7506	4
7685	3
39461	4
21596	5
31039	11
2907	6
68295	1
33709	3
44422	8
20637	1
6718	6
17481	3
15043	11
70724	11
7663	3
4554	6
42788	10
47327	5
29478	3
15579	1
11764	3
20995	5
22417	6
30878	9
16362	8
26162	5
7726	7
42935	11
62721	1
38710	11
30959	10
48311	11
16218	3
26240	11
9069	3
27904	6
9046	10
39013	8
34146	9
39336	1
11348	6
45504	10
46793	1
22449	4
14299	11
20881	9
43862	4
3822	4
26451	10
58568	9
18432	8
1820	2
1744	1
16802	7
24648	4
48382	4
16201	10
25031	12
29826	4
11544	7
39169	2
3741	3
10315	1
13914	9
26660	7
3282	5
42790	2
34325	6
39702	8
11943	1
20014	7
43359	4
62910	3
71391	6
27962	6
6309	3
11300	11
16829	6
14273	10
71446	8
7446	7
48545	5
28390	8
62264	7
18901	10
69417	8
43762	11
12296	3
44786	7
3758	8
6679	8
18734	6
28482	2
19673	5
32457	2
23627	8
19265	11
12	1
14678	12
18698	1
6731	1
41962	9
12113	3
33102	8
38292	9
1864	6
16912	2
23001	10
70870	9
32422	6
48489	10
6917	2
1231	2
10934	11
41782	5
37439	1
10830	8
20500	8
41080	4
44832	2
11037	3
43570	11
4352	4
37934	8
29461	5
45934	10
5739	2
40673	9
47643	5
31457	1
19909	11
4359	3
13234	2
61651	7
23015	1
36698	2
24116	5
12406	7
31942	3
48934	6
49242	5
30368	9
69536	2
61132	9
2719	7
24053	8
46761	4
26185	3
45767	12
24835	4
20939	3
25152	5
38772	8
40035	6
49394	11
33980	8
2326	11
28099	10
26710	11
4071	8
38131	1
16871	8
33857	6
44274	9
42850	10
38666	3
23082	6
20853	4
22481	7
47169	3
17222	7
62323	8
35971	8
3519	8
26848	4
30800	10
13884	4
31397	4
11885	2
26475	7
6969	10
32506	2
42395	1
11227	7
29138	12
20320	9
38123	8
28702	11
23336	7
57523	8
36178	6
45842	11
59166	6
62396	6
17974	2
49538	10
30514	10
72109	1
49775	5
13272	7
40601	6
45172	9
30320	8
28893	4
25773	10
34141	3
6636	6
43950	2
28359	11
26173	8
19483	4
11502	3
6095	5
43727	5
18438	6
35746	5
34401	6
20346	3
14158	5
8644	11
7200	10
38962	2
12174	5
37116	9
1717	11
44569	10
9982	2
39406	10
42677	1
20670	2
58714	11
28850	11
30640	11
34207	6
37120	3
69834	2
17342	8
1053	1
23842	1
43431	1
71529	6
41026	4
34025	2
5806	8
42469	9
145	2
29153	2
10476	10
6408	1
30920	4
16146	5
15880	8
15391	6
13973	3
33893	7
41861	8
16415	1
22826	7
19416	11
13160	11
13792	11
7735	3
3114	2
20790	10
10669	11
39685	7
2794	12
14435	1
42357	10
68283	3
6983	9
44119	6
24884	1
59419	4
17128	5
1725	9
33960	8
13797	1
17406	3
58424	8
47275	2
22626	3
43207	6
30969	8
14244	10
30736	4
29597	2
28957	11
33445	3
9547	4
39145	2
20814	10
11555	10
9512	11
49212	11
43999	3
8728	4
11704	1
29666	7
39402	7
44135	5
26060	6
8549	5
45412	2
26913	8
46640	10
68491	8
30111	9
44491	3
4683	2
7947	8
12642	5
39704	4
41342	8
57610	1
37595	9
19000	5
22793	8
5923	8
16758	11
28156	11
20779	4
15295	4
15526	3
14168	8
29298	4
47748	11
28265	5
19292	2
5244	6
59306	6
3008	2
10575	5
7061	8
12706	9
12736	8
28361	10
13423	9
36050	3
15053	2
28724	8
25685	11
15204	10
21730	3
19772	1
26884	8
13762	9
19172	6
69365	5
15015	3
17958	4
25060	4
9824	3
43191	11
22944	3
8972	2
25333	7
37002	11
41669	8
21931	5
42663	7
70099	9
26975	5
18836	11
39472	3
19827	6
48470	8
7399	10
187	11
4466	11
18045	9
22962	11
11913	10
13815	5
62469	5
9853	8
5506	3
29293	1
4901	12
43275	11
18697	2
38391	12
13194	3
45016	6
15011	8
44978	4
29223	8
41245	4
68870	2
15407	12
13795	9
1814	6
17569	3
17665	10
24340	10
23144	4
22840	5
26348	7
42690	2
13018	9
32564	1
34991	6
49938	1
38319	3
7397	11
291	6
70755	8
29325	4
3857	10
15028	11
4263	7
26400	5
43893	11
8313	8
45560	5
36895	3
3320	5
43165	5
47788	4
3436	10
34060	11
38202	11
47720	7
17088	8
14761	7
24517	1
28839	1
33173	5
133	4
39314	2
19877	7
45338	1
14908	3
33257	8
4813	6
48760	11
25337	10
42871	5
20116	1
37724	6
17980	8
31963	11
30008	1
6066	6
30149	3
31486	11
38015	2
59059	8
32632	4
36749	4
23363	6
39536	12
33465	7
15017	7
48168	3
27930	3
43647	2
15993	5
4316	2
11404	8
27206	8
20863	12
45293	7
31715	10
40354	12
20959	5
6557	6
9450	5
37269	9
25357	9
6613	11
9730	10
25434	11
36608	11
46053	4
11410	1
6479	4
37702	7
49091	3
29286	2
25839	8
43157	5
7309	9
21091	6
3326	3
5582	7
63195	3
7775	7
62122	3
35298	1
59381	11
26676	7
5441	7
18428	11
15249	11
25519	2
20035	8
42720	3
40266	10
57468	8
62052	4
33667	3
46875	9
34618	4
28395	7
11542	11
25621	8
17622	12
46180	8
20994	3
9036	9
48250	5
32333	3
19357	10
12876	6
15290	3
36941	10
32590	1
854	10
31159	12
352	8
39833	2
22313	12
17147	7
44768	1
71125	7
1959	8
13197	5
24673	8
22640	3
22110	10
20714	3
42896	11
398	7
6462	4
25100	6
2248	9
21961	3
17313	10
39027	12
45247	11
38033	6
4275	9
19089	2
17796	8
17822	11
2825	1
39122	11
3701	10
68981	4
42078	11
32639	9
21265	5
39082	10
38520	4
14187	7
46256	9
40156	3
10595	7
58303	3
49769	3
9630	11
45398	6
12674	4
47484	1
22076	1
48242	9
31653	4
43725	9
39624	4
8695	6
12252	4
47326	4
31575	11
23007	10
