14219	8
11066	9
24290	2
57494	4
37025	8
165	3
24517	5
6297	6
33412	2
31106	11
8260	5
39106	9
60128	3
41003	6
26025	1
45767	7
14614	2
19976	4
26029	5
25432	1
7397	10
41605	3
37118	11
33347	6
14285	7
28058	8
40297	10
28327	1
11094	10
34146	11
22475	8
29731	10
37702	2
71465	3
23155	11
1216	8
32785	11
45379	9
24829	11
61132	8
6557	3
39151	2
43157	5
69633	6
6722	10
42702	12
42627	11
30149	5
47674	7
43359	6
17694	6
58424	5
32965	7
34556	11
2236	9
42037	5
15053	4
33709	8
36440	9
72142	1
25347	3
35909	3
49867	6
9111	2
47881	8
33618	2
62396	11
31186	7
30910	1
5582	12
9749	1
9077	2
12699	9
2227	11
2694	2
13194	3
42687	10
29666	3
16941	6
43663	4
26723	5
15011	2
12522	9
22221	11
28254	4
43934	4
23363	10
34414	11
43605	11
8905	3
19172	6
68390	4
37808	7
22973	7
20711	11
30934	10
2746	8
8783	9
48862	8
1407	4
69536	11
23842	6
69182	11
8741	4
59401	4
14479	3
11839	5
47676	10
69186	5
1105	5
43752	6
2192	3
34259	3
28156	7
22076	8
8927	6
31268	4
5003	6
45165	7
11542	8
16603	6
7504	6
16618	4
48267	4
8972	3
18056	7
1725	1
43783	5
68640	10
29179	2
29934	2
15993	6
43727	2
7726	11
38666	4
48162	8
19825	4
3260	7
24309	12
61999	1
2514	4
20266	8
13444	8
8259	11
38254	9
71630	5
42760	6
21001	8
58399	8
11937	7
41122	9
45292	11
17231	2
26884	3
13582	3
59736	4
26422	10
10476	5
29571	2
33926	1
32516	7
13474	4
47037	6
45362	8
68491	11
38832	1
28062	2
29262	9
24556	5
44640	6
29460	3
17851	4
61110	5
33619	1
44966	5
24659	11
60684	3
13722	3
48453	12
6028	2
44150	4
15015	11
9254	9
44274	5
34906	7
18687	8
36574	3
45193	5
12613	3
39086	9
7557	8
34023	8
22533	5
32632	3
15880	10
69813	6
31039	7
26475	5
49905	9
20373	11
25424	3
17406	10
3079	10
4482	6
3713	6
13423	3
11823	7
30566	6
12175	11
40896	5
44978	2
45377	7
36410	3
11943	10
9469	5
1231	1
42746	9
21567	5
12876	4
7277	6
18694	11
15843	11
49315	1
38474	12
6064	1
45294	10
11404	12
30130	6
27769	11
23299	5
49133	3
3114	8
21106	11
28359	2
35468	6
14205	5
24773	3
16885	3
39402	5
27134	5
46728	8
22896	6
264	4
43153	7
1466	7
5604	4
49123	8
26056	9
43376	8
5572	6
6524	9
35715	7
19030	9
4758	10
45899	11
24730	8
27041	5
35152	5
37223	1
43707	6
48250	4
69608	11
27427	9
15548	1
4889	9
11619	11
10547	3
22593	5
12810	4
70895	2
780	6
1478	7
58861	6
42495	11
5031	9
28265	12
30920	1
20286	12
69148	11
10669	2
34181	2
10768	9
35954	8
1424	8
1353	8
45640	2
24473	6
22900	6
59337	4
9730	6
16464	12
7189	3
45874	4
9401	3
2294	5
20598	8
14435	6
37262	10
39107	3
36213	11
11348	4
16047	9
31921	9
61916	3
291	7
5042	6
11929	3
47675	8
69365	3
49471	9
27882	5
3678	2
71402	9
2525	8
71529	2
38252	8
9537	5
1744	3
48489	3
32402	1
29811	3
38710	4
30093	6
41093	3
36465	8
59059	4
30703	7
12706	3
3749	9
33977	7
7090	4
2025	11
49233	10
3645	7
9460	11
25316	2
11037	4
25360	5
17010	10
11271	6
40778	8
17104	7
26390	6
38419	1
30948	7
42238	2
47978	2
9166	4
14609	10
62469	6
12586	7
11211	11
14651	5
33169	11
43557	1
8098	4
20016	8
22938	8
2369	8
47395	2
1038	10
19302	9
42078	6
18620	5
38098	6
15636	6
68629	4
31034	3
15336	6
15684	10
69694	5
35952	8
34489	6
20939	11
68391	7
45817	6
37728	1
29362	6
47067	6
23522	3
22007	11
15052	6
40775	7
12229	2
15526	5
26450	7
31134	3
1073	4
72174	9
10556	1
48860	8
9490	2
24181	4
44600	1
70130	3
37421	3
21305	3
42666	3
5935	7
21651	5
38187	10
38391	1
28031	4
32044	4
9726	8
40056	5
47532	12
19779	1
30188	2
30073	7
17463	9
32382	6
13057	6
41119	3
33866	2
13277	8
43100	9
48760	9
31942	7
16648	1
1820	6
18710	5
12674	10
21522	4
18844	4
9027	8
48089	6
24489	2
26930	4
61036	9
10623	3
2	6
48689	3
11948	3
33679	2
30617	9
41342	7
20654	8
35406	2
18730	11
14881	12
28206	4
14973	10
68771	2
7778	10
3748	8
26913	5
32115	3
36730	5
14913	1
36699	1
6127	4
34799	11
62525	6
22080	1
2921	10
47173	11
4813	10
11718	3
34141	3
14582	1
20238	1
10682	7
8164	8
44872	3
30090	2
17313	9
6753	12
15824	10
9429	4
30784	6
22601	9
38561	6
10088	5
14864	3
2624	10
3436	10
47275	8
43430	9
38584	11
46756	1
1279	3
13480	8
30111	2
46064	5
12711	12
20714	1
11169	2
10434	1
5101	10
24455	6
25656	11
5799	4
23602	6
23755	1
13650	1
16972	5
46180	9
35324	8
12252	6
2326	6
34055	10
18533	1
41986	8
43012	10
30341	10
46147	8
23640	3
44807	7
32904	3
41970	12
60830	5
12961	6
10074	7
24648	12
6772	1
42106	8
20004	5
17937	11
33474	10
39702	7
11458	11
11764	6
49706	5
32457	12
34325	11
20880	8
2059	11
8800	9
15668	8
59848	4
18438	8
23054	1
30959	2
4865	2
14168	4
34060	1
12332	9
33429	8
35793	8
46395	2
48775	3
48050	8
31051	3
32989	12
27786	12
15689	11
17280	5
13795	10
6309	1
27864	3
36287	7
30640	5
18123	8
26546	7
25031	5
70498	4
42948	8
48286	7
26209	5
48899	8
11227	6
23166	4
21576	1
18255	7
18432	4
24038	10
1604	9
41794	3
1054	6
9392	8
46186	2
8877	12
72079	12
42709	7
39013	7
1886	10
14678	6
17505	6
4275	6
70978	4
43893	2
39391	6
63072	11
11727	2
23074	11
31254	5
61213	8
24956	7
46648	3
46599	11
24340	1
25830	6
70681	1
6450	3
2248	1
48159	8
32333	11
32166	6
44565	3
25998	8
9512	11
12	10
3326	7
40580	4
18834	1
3878	2
40639	6
43431	9
47521	11
11872	6
18812	6
44267	8
46875	3
59306	8
36993	4
22614	7
70516	10
45694	11
560	9
4156	10
10575	3
23709	1
7458	11
12763	10
16423	1
17128	7
1463	5
37595	9
71844	11
58714	8
34234	8
32193	4
71784	5
36875	11
183	11
19357	2
33965	3
28724	3
18966	3
17330	2
45504	7
42543	1
23676	2
26812	7
23241	6
13835	3
24922	5
62361	9
70622	9
48006	11
17665	6
1579	12
12805	1
14697	4
33599	1
49212	1
47992	11
42920	8
32094	8
22840	4
17432	6
9853	5
13505	11
41681	9
70099	7
27887	4
15391	11
47643	5
15645	6
24116	10
38202	11
23221	8
9086	12
13229	12
26707	12
3741	8
7922	1
33538	2
20962	8
38195	3
19378	3
10685	7
39624	5
38297	7
35513	3
19089	3
41445	6
62264	9
14086	6
46640	9
7216	1
37002	10
11913	7
1546	4
23592	4
39169	7
25773	3
5307	5
29492	8
34811	3
29854	3
17980	9
17342	1
10626	11
39134	6
18778	8
12869	8
17970	1
17111	9
32239	6
42690	7
30878	12
6839	12
31712	3
9	6
28631	2
18645	10
8344	2
1159	3
44589	4
23336	10
40375	1
3416	3
19509	9
4749	4
6066	2
29241	3
30736	8
31158	10
21172	3
19362	6
42788	7
49032	2
3450	4
34442	3
24835	11
6668	4
48100	8
68981	4
59297	8
9058	11
14126	1
14495	4
1301	6
16658	8
26600	11
13811	10
38828	2
1730	11
7183	7
21931	2
7305	1
26451	9
47831	11
10450	7
13160	3
25414	7
8712	3
1518	6
21611	6
23256	5
32667	10
22449	7
25621	1
8009	3
13791	5
29439	10
71391	3
39215	2
71947	4
14836	9
62193	1
16758	10
26139	8
44396	12
39312	10
33922	9
45587	11
26032	8
29298	3
46911	10
19737	2
12496	10
36082	1
62835	2
27632	9
31015	12
37934	11
12254	5
37000	4
48815	11
10750	5
49604	2
8792	5
48458	10
46034	6
14317	9
14387	8
4683	11
11440	2
20169	9
35035	8
20765	2
39799	3
7228	4
59331	1
24710	7
1632	10
1905	4
29393	7
32233	8
9068	12
3989	5
28940	6
5873	6
1824	10
60001	8
9046	2
8527	3
25531	3
24694	3
46271	7
19506	2
14034	9
40161	9
2719	11
45842	10
20346	11
2348	4
36841	7
10499	10
29582	4
49257	11
14315	8
12294	7
28558	2
63188	3
28556	7
19562	4
28074	1
26329	2
39130	12
32955	12
30897	2
15782	10
48278	6
49280	6
37143	8
38520	6
34845	3
44940	3
14508	6
21715	10
149	7
18367	11
20695	11
43725	6
14273	8
27916	11
17858	11
16614	10
12183	4
47788	4
49091	12
2524	5
12788	4
44839	5
33445	3
61344	9
5806	10
71833	8
852	6
24321	3
28289	2
62245	9
68851	3
21274	1
7224	12
32009	1
22170	8
19151	3
71758	3
47060	2
10252	8
12305	10
34991	11
27836	1
12736	6
43522	11
10514	8
44237	3
48382	4
21164	2
20056	4
24097	9
6260	6
49769	4
42942	8
34667	8
30080	8
42935	2
48149	1
17705	10
47163	3
26406	5
25291	10
35947	10
24519	7
39952	11
13068	9
36586	4
41509	3
16314	5
1027	4
40984	6
24053	10
39748	2
16642	5
45790	11
221	5
25813	1
21733	6
1998	6
37063	4
8089	11
5336	9
6860	4
42655	5
40156	7
8674	7
25437	8
46047	11
7506	10
20579	5
11690	12
7735	7
45398	3
28650	8
43762	5
45506	9
28662	3
18923	8
41724	1
18755	3
46774	4
4316	1
9767	12
35395	11
32997	11
47984	12
57096	3
3515	7
48993	3
49434	4
44422	11
6660	10
28677	2
25357	10
33257	7
27279	3
18865	12
32960	4
20154	11
40691	8
22755	8
1042	6
19292	2
45864	11
6395	3
47908	2
23504	7
39002	9
33465	11
11544	1
35812	4
49750	9
68967	8
45768	3
24958	11
25434	2
16076	9
38859	3
16829	9
27286	2
4352	10
46878	9
47534	7
31777	8
25803	4
29286	9
41721	7
17164	6
44768	6
11448	5
21063	11
9934	4
47705	9
13992	10
38902	3
37712	3
36306	12
69347	5
15043	11
34497	8
14038	3
45338	4
32703	2
35989	3
18697	10
70724	1
18856	3
39779	5
42720	11
1586	6
29003	11
37922	7
12414	12
36178	5
7947	3
26531	8
42111	9
11555	5
49115	8
32340	8
30546	12
18387	9
11316	1
20143	8
24253	7
23082	12
1464	11
38714	4
43999	10
31397	3
46932	10
29826	2
44918	8
36235	8
28550	6
6633	2
38496	6
24257	11
63195	3
46127	8
22259	5
40928	6
26162	9
6718	2
41200	5
4399	8
18849	4
26044	1
16056	12
22927	11
21595	6
44275	1
32680	3
15675	2
61138	6
42086	11
12599	12
48535	3
24673	3
34013	3
22587	4
26781	5
27153	1
16430	9
17815	8
62556	10
38517	9
48861	10
43413	10
28468	5
36500	3
23724	4
24526	3
4356	12
21	5
8106	4
21892	6
23171	8
72187	8
14959	11
15407	6
31807	9
33893	7
18420	5
3255	1
62863	2
35063	5
41782	5
68963	7
1075	10
38123	10
39536	3
1721	12
31513	8
25456	5
16017	8
37359	9
28060	1
10084	6
43000	4
38261	7
20464	6
12250	3
28099	2
22206	1
20863	4
9088	11
114	8
59166	9
38504	3
19955	1
5193	10
21628	1
46355	5
11367	1
62052	11
20948	2
19937	11
25653	3
6479	12
21961	6
37396	5
6481	6
17974	3
6963	1
1325	8
20413	3
46053	11
18880	1
28957	8
20697	10
14532	7
48018	10
30810	8
36870	6
7039	1
7663	2
45759	8
47326	3
47840	4
69770	7
14835	4
34597	5
2965	5
30786	8
19471	8
61206	6
41449	4
22690	2
32422	3
5923	9
3997	2
10830	9
47050	10
10166	7
36895	4
21186	6
41964	5
4291	4
33642	5
17569	5
6156	3
32564	1
37061	2
22626	11
1959	11
39996	7
68343	10
13943	12
38969	3
17185	7
13797	9
25625	7
57172	4
31457	7
19312	5
44491	6
4235	8
48692	6
27885	8
30400	11
31927	11
1786	8
28390	3
13341	3
44115	6
24124	11
9810	3
46438	10
22732	4
23075	2
45350	11
36191	2
40524	4
33980	9
5244	4
32169	10
2794	7
24998	11
37085	6
12857	3
12757	6
17968	5
35371	3
19281	12
16465	10
11522	10
49884	6
38338	11
44859	2
42241	8
31095	1
24509	9
21077	6
27407	1
14282	2
49538	2
8473	5
32639	3
68283	4
63233	11
385	10
35298	8
68870	11
18045	3
26270	3
2087	4
5533	11
43789	2
11121	2
7945	1
35074	11
22130	1
48406	3
31940	6
48288	10
38547	6
6825	7
27789	11
37895	10
40601	9
16538	4
62734	4
13462	5
63297	6
20870	7
42721	4
1587	10
2706	8
19877	10
6679	1
15249	6
27354	3
43570	10
21187	8
36050	8
25343	2
46375	7
1862	1
1923	7
41601	7
45614	11
49807	8
11168	5
4465	10
18460	9
31177	11
17496	10
6484	3
58417	11
39238	8
17619	9
6462	2
21265	5
33857	5
37058	4
36860	6
44119	11
42469	8
47985	1
19689	6
47349	9
58024	3
12997	9
37116	6
31678	7
47214	3
57523	12
6210	11
1551	9
21188	2
14559	11
41696	7
13342	4
21407	4
20594	3
6658	12
7806	11
29478	9
29579	11
69312	1
34401	3
46059	2
28102	11
1234	8
45424	12
41718	5
10486	8
39833	4
7399	6
44832	7
36698	8
8081	8
45854	6
4939	10
15268	6
29223	10
34618	9
8136	3
13705	7
32021	7
35308	9
23019	4
35972	10
32506	7
20500	11
236	6
2011	8
33884	11
15310	7
27814	6
39685	11
15972	11
14956	2
37494	8
45815	6
69247	10
34207	5
46215	9
3701	1
38772	1
23642	2
25635	7
40414	9
25685	8
7113	3
43822	2
4283	10
17267	12
33264	3
70109	11
40171	4
18086	11
29208	3
4923	6
16528	7
37607	9
35797	8
44861	9
48082	5
32664	7
41933	6
42677	9
22035	5
4359	10
6983	7
6636	1
33102	11
2418	5
38670	6
28352	8
45172	11
24175	1
42843	10
47261	6
9630	1
45345	3
17424	12
9824	9
70847	3
71209	2
13410	1
33753	6
9281	3
71759	5
9547	2
12174	6
43207	9
21389	1
34038	8
35157	6
36941	11
30094	10
47972	11
25519	1
23423	9
44755	2
42048	6
6969	11
26400	9
46285	6
42587	3
15204	11
16481	12
6954	3
60350	1
41975	11
21518	9
35508	7
16428	11
34808	4
47295	10
38015	12
12262	2
28411	9
6408	5
44436	1
71178	11
2173	6
49505	6
37286	4
40038	5
30008	5
32610	10
40354	1
38037	2
31653	3
37515	7
19627	8
45032	6
28105	12
47803	11
42006	10
37055	4
29777	9
7153	2
10426	12
26136	11
34598	6
33667	11
16253	10
9881	3
37120	8
29583	9
29461	3
7192	1
1772	1
69703	2
1396	11
6391	3
19109	8
30823	3
20904	12
68843	4
39019	5
41498	11
28713	11
60251	3
37103	1
59395	6
35628	7
3166	7
31348	6
23126	2
21844	2
6160	6
17834	3
4759	1
26598	4
24948	4
35124	9
1462	4
2848	4
16201	2
5884	11
17088	12
24884	7
37551	11
69259	8
18769	6
18261	2
30719	1
5740	5
22841	9
32226	4
47588	10
58352	12
27368	3
23085	3
59381	9
37078	6
38755	5
21414	1
7773	8
30368	3
42896	8
15165	9
62947	5
43164	7
42688	10
9450	5
10032	3
6732	6
49751	3
26185	7
9612	11
49142	1
34718	8
7061	2
17459	11
21355	2
239	5
37577	8
41576	5
25337	3
14158	9
9632	6
13792	12
5219	10
34297	1
3589	5
1240	5
4574	6
24913	12
20733	3
12321	6
17886	4
34121	6
39552	2
28898	2
8025	11
25100	3
25244	2
33846	10
36241	1
11502	11
20814	5
19909	11
36749	7
7322	4
40037	6
25818	8
63323	6
10212	2
23652	2
47141	10
62009	5
61048	3
28501	8
69663	10
1039	9
44982	9
13146	2
12511	3
68962	3
38497	1
32966	4
24159	1
34527	8
11300	11
37040	3
48168	6
34990	10
28993	9
14113	3
19510	8
18682	4
41546	4
23627	8
34490	11
45016	1
62064	11
20995	10
38815	7
36246	2
69196	1
45716	2
14490	2
15124	8
47171	3
13504	11
69690	1
11704	10
45770	3
1374	9
39672	3
102	3
58568	9
1515	3
25495	10
40131	5
24938	5
7714	10
48477	6
1864	3
40730	3
29227	11
25722	5
3277	11
6186	2
17822	9
70603	4
7973	4
37756	1
25368	6
14832	5
26660	6
6928	3
6699	5
11951	5
26240	3
10934	1
18428	10
42731	3
1751	5
29759	9
25887	5
19946	6
12565	4
17958	8
34145	1
38694	2
26376	9
12486	10
4588	6
22110	8
13720	9
17623	3
41215	11
19247	6
4531	9
12240	6
12286	7
62323	8
58303	11
34370	11
16362	8
9069	6
18743	7
39472	2
35604	10
39317	4
13815	11
34007	11
34300	8
1177	2
8763	5
11223	4
37273	4
34025	11
14908	6
40934	5
45754	11
30228	2
71125	2
35248	9
46884	10
7279	3
9544	8
18698	2
56992	4
31295	8
57610	1
38033	3
18289	2
19464	3
33579	3
2782	11
46923	3
46597	4
31171	8
3437	4
69722	4
38771	9
37364	9
11240	8
40266	7
4842	3
24557	4
1673	9
38025	12
61322	7
40015	2
71824	9
13023	10
507	5
39406	4
31787	4
22826	10
13234	4
72000	8
20718	2
1400	1
28555	8
36898	3
1114	9
69244	4
20215	12
63081	10
10169	9
10633	8
40366	8
7509	8
32231	6
41336	5
22934	11
10603	6
3967	1
62069	1
8717	8
24007	4
3105	7
38131	8
14049	3
2282	7
24995	6
5851	1
61651	3
13914	5
30735	9
16804	8
32784	8
9887	11
6731	1
4955	11
19712	8
30929	3
1499	2
49732	3
2552	6
21515	10
15302	7
38342	4
57643	2
39940	6
33698	5
15520	11
25649	5
39171	7
14813	6
48934	10
23552	3
46256	9
71446	2
2877	4
10224	7
47202	11
42004	5
38182	8
43862	2
27146	9
30320	3
16161	4
43832	9
68402	4
15714	1
4487	8
44579	11
28672	10
9390	11
848	11
59489	11
22454	11
45983	1
70870	10
3320	2
69378	5
42712	8
35143	8
30765	9
5653	7
7423	5
7685	5
1689	6
32177	3
62910	5
60320	3
40031	12
40674	6
39849	3
2690	8
7483	1
7309	5
6613	2
48501	11
16901	2
22680	10
16171	3
46761	6
48545	1
47358	5
49476	3
18552	9
49532	4
49775	6
6095	11
39892	6
48348	5
26474	8
46131	10
71932	11
7798	11
45455	4
47720	7
13873	9
3782	3
49281	8
62506	2
19827	12
26063	8
18901	3
18077	1
25725	9
41201	9
36041	10
40738	4
7847	10
17483	10
8880	5
48242	4
36302	10
823	10
49933	9
42850	11
20637	3
70922	8
26310	6
15828	5
26689	11
47414	3
27900	9
31561	11
8029	10
45760	8
30883	7
37311	5
14408	7
38567	7
6843	8
28592	11
12879	10
24051	4
12553	6
49938	11
37695	9
362	7
25839	6
24821	4
1822	10
4003	6
26513	5
27455	11
45078	6
14003	4
41351	3
18680	11
19435	11
14524	2
14887	3
8535	6
21534	12
47553	1
20499	3
9686	7
37482	1
63215	7
9061	8
14692	4
42324	9
31486	8
27339	6
15066	10
4695	1
21900	8
8690	2
30643	5
35258	6
9021	8
4823	3
31297	9
22244	6
37703	8
42453	11
27304	8
6455	7
27181	11
5200	11
12717	6
26254	7
11410	8
10142	6
23884	10
57976	8
70401	11
28695	3
194	1
10595	2
23238	6
19107	9
42537	6
17481	3
33718	10
20529	9
71793	11
11878	12
11383	7
48459	11
17222	11
7446	7
13018	3
45095	9
35873	11
32324	8
14244	9
26282	2
14011	12
19209	3
42871	7
26036	1
20580	1
42663	6
22091	11
38304	6
12847	9
3709	1
31693	6
29153	8
69936	11
39888	8
47327	6
41453	8
5349	6
36645	10
19053	12
6585	1
39461	2
30510	6
39033	1
4213	5
25870	8
9206	2
16365	4
36068	8
70831	8
2080	4
24401	3
29563	11
11973	4
37509	11
20849	4
29436	5
27498	4
21310	7
13910	11
15579	2
62620	1
38423	10
33675	3
70059	1
24192	11
10042	7
21912	7
45553	6
13228	5
20340	8
34837	1
36954	6
13904	11
5577	10
38797	11
11000	12
45117	1
16014	8
10846	6
23791	1
42951	3
12113	5
3822	1
39204	6
7488	10
48400	2
61622	11
22574	9
25695	7
7775	9
30178	5
38962	7
35312	9
35487	3
12296	9
38724	2
38337	7
33173	4
71590	11
36979	1
18908	3
41717	11
1582	3
2434	1
10315	6
19483	9
7009	6
42465	11
45934	10
14694	2
46348	7
45588	8
57215	3
33674	1
5808	7
29372	1
23247	10
35708	4
39717	1
29736	11
5862	3
43532	5
32337	6
3541	4
27748	6
28484	6
41928	11
19050	8
24379	7
17468	12
18568	1
28423	2
8150	9
38163	4
60567	8
7975	11
24023	1
37270	8
71938	6
12472	8
25284	1
15017	11
3675	11
4282	7
35585	12
48788	11
36597	8
20320	6
36526	6
29611	2
44182	3
43191	6
6659	9
13613	10
10780	5
9657	10
71495	5
21727	4
27600	3
1977	11
37486	7
7290	1
45560	4
1190	8
25868	8
72061	6
1836	12
57468	3
47492	8
2907	11
39832	10
1021	4
36179	3
3639	2
41669	10
21338	3
40035	7
12776	5
49767	7
9108	4
1052	6
47858	11
12269	4
24235	3
30514	8
6863	5
46793	6
32041	10
33820	11
61518	8
34818	1
13932	7
28781	8
1683	4
4866	3
41622	10
49394	1
39040	3
62930	3
1208	5
45964	5
35100	2
3651	2
2825	10
13476	1
49598	11
22312	1
27245	3
23144	8
1046	8
12723	8
43401	4
375	9
36869	4
10511	7
40669	3
26348	8
38031	11
1843	11
40816	7
21335	6
21596	6
22331	9
