6028	6
28468	5
61622	1
28501	5
13722	8
27368	1
41861	3
37286	6
6613	11
32667	1
14864	12
8712	2
19265	4
15587	3
38025	3
48862	7
4043	9
4955	3
23423	3
32965	1
6479	4
33642	5
6717	6
19464	8
42666	12
13582	4
16770	8
40778	4
43012	11
47395	11
27304	8
15668	11
26044	1
4492	11
35708	8
58417	10
71125	7
17200	1
29277	4
5923	10
61651	9
58861	7
40896	8
7841	3
61344	10
45016	2
68962	8
31693	11
38187	11
30510	8
19712	8
39356	4
42709	6
12408	7
5935	6
7773	11
34906	3
780	2
57096	4
17796	5
18255	8
18880	2
15295	8
18908	5
28361	3
1547	5
43647	6
36440	8
37482	1
31134	4
6484	3
9594	9
23552	3
25432	11
45294	6
47349	5
1042	3
49115	1
38724	8
68629	9
9398	2
22944	6
38797	4
68640	1
12642	7
12296	12
25437	2
36699	4
46728	10
42690	7
9749	2
27786	7
14299	4
33259	8
12553	6
13609	3
27142	10
9450	9
20853	12
1301	1
21	3
102	10
11221	6
16901	9
19705	7
15268	11
45504	7
47202	12
34207	8
29759	9
23019	6
11138	11
8880	4
63072	5
2848	8
21900	6
11502	3
44839	9
4282	11
18836	3
15043	1
16375	9
22091	7
17980	9
28713	7
6633	11
63323	4
25887	2
45403	1
12810	6
12613	7
48993	9
24340	4
24473	4
49732	5
5779	1
12039	3
12586	7
19909	3
39849	3
20580	5
69770	1
36178	8
4283	4
17958	7
13866	2
13228	7
32904	12
40753	6
6631	5
15591	3
40038	3
13705	12
1822	10
7222	9
29666	7
20881	11
14508	7
13410	9
39040	11
35513	8
6963	1
24863	1
24808	6
9483	1
45350	10
15290	10
48149	11
29719	1
35125	11
11542	6
18734	12
7735	9
23001	4
10595	9
11296	6
27181	6
28254	7
22934	12
34732	11
32564	12
28265	5
12696	5
23920	3
62009	3
22308	5
38391	8
59297	2
4842	3
37273	4
69608	1
1374	2
25818	7
35020	11
29583	3
39106	1
71328	10
44565	8
41724	11
26345	4
1478	10
11300	8
48788	3
39800	11
20711	3
9	9
14908	9
18170	6
44237	7
1786	6
24257	8
43620	2
16055	11
18144	7
15310	10
43934	8
28347	1
46047	4
48104	8
12674	10
33820	12
34618	3
16362	11
19946	6
20598	6
21407	3
15782	5
1293	6
21841	7
42688	1
38159	3
40524	8
14692	8
25773	10
47214	7
19292	11
19506	2
21246	9
8025	3
20581	9
42357	8
5851	5
47275	12
47526	1
41696	3
17164	6
16829	5
40037	9
43752	6
13471	2
26475	2
24659	11
23126	6
26032	10
15011	9
31295	1
23809	5
7726	3
41717	7
6160	3
71495	10
47327	3
34556	10
49938	10
21063	6
39499	10
42537	11
12229	2
35947	8
22454	10
4199	10
3277	10
12869	3
21912	7
12370	2
18697	8
38123	9
20224	4
14126	3
36179	10
32664	2
12294	3
10934	11
47067	6
61132	11
23085	4
3997	6
28060	8
17822	9
45553	9
30762	1
18687	5
31927	4
30784	10
39832	11
48286	1
32193	6
41313	11
29826	3
29014	5
3737	3
29731	7
7085	3
24956	9
31177	6
16474	12
1579	7
39107	9
13873	5
29286	9
18432	10
11169	10
34597	8
10574	8
68402	1
25347	5
49905	3
59337	4
57976	3
236	4
19362	3
12788	3
45398	2
42048	9
49706	5
11508	10
3519	2
16974	10
6839	4
1231	10
35972	6
3114	7
2719	6
8644	9
40674	7
9544	5
42871	8
43832	10
43605	5
44135	4
25722	5
34141	10
46438	8
47748	4
46064	8
24995	6
38031	7
43376	3
49394	2
19693	8
12113	6
27242	5
33745	8
11448	12
26913	5
35585	7
3437	7
44550	6
49032	1
43978	6
70602	8
37702	12
35971	11
41962	6
47588	11
49532	1
23724	10
15336	5
7934	11
2706	4
13342	3
16415	7
16171	3
7973	3
19933	10
7423	6
47675	2
22601	8
43599	7
35258	11
49281	2
48234	6
25335	3
46053	8
41601	4
45854	12
7322	2
45760	1
8313	11
38474	7
1424	5
26063	10
11948	9
46633	11
18609	4
44182	9
26254	6
36302	4
17619	8
47050	3
5993	1
62863	8
42037	10
23256	2
25414	6
13720	11
42111	3
20939	8
25244	3
30786	2
18420	1
28550	1
20863	9
1021	7
26400	10
19281	8
61110	4
1054	6
34370	5
60350	3
4813	9
38755	9
27298	3
69813	6
34808	5
26883	5
9206	5
11290	12
9254	6
1744	7
3741	6
7279	7
34527	5
37316	11
8009	10
11522	1
12805	11
30094	4
2921	8
22313	7
32094	1
3079	4
41080	10
1073	2
70130	6
48939	3
7509	4
14168	6
46271	10
3748	8
27407	3
33103	1
70895	11
47643	3
30920	2
49919	5
24829	10
39336	2
21091	5
6777	1
20814	3
45848	10
19050	6
45768	7
42465	7
823	3
25519	1
18086	6
14786	1
5225	6
16618	10
27814	8
38423	11
69703	9
21628	6
35074	4
37396	4
10160	3
32966	11
41289	3
36869	2
41245	8
10212	3
45983	6
21892	6
5139	11
27900	1
12472	11
27339	5
48162	8
36191	11
4156	12
7090	5
26525	5
19627	2
40738	1
22481	10
43508	6
71932	6
39837	8
59331	2
28702	6
14479	1
43783	3
1039	2
29372	2
49775	6
39717	5
45131	12
354	6
22475	5
37756	4
9767	8
44974	4
11440	6
43191	6
21733	4
32590	2
45032	11
39412	1
68343	8
11037	4
16428	5
25649	8
46375	1
8527	6
38419	11
62556	4
1463	4
28850	3
183	3
6448	3
62482	2
14282	3
25092	8
18769	1
4316	1
13613	12
14038	6
17111	9
13474	8
26546	9
35715	3
1836	10
29478	11
18367	7
38561	6
19107	5
17937	7
25337	11
14205	11
13234	6
32231	9
19673	10
6391	3
20926	3
1683	5
69946	2
57610	10
7663	7
41026	10
9111	3
1689	11
32955	2
48646	9
31712	11
39204	8
23007	3
71947	5
34181	6
39748	3
11885	1
69536	3
45322	4
47972	10
27279	11
46923	5
22962	11
18045	11
194	3
9061	2
17481	7
21335	5
34991	3
36213	6
39086	3
2294	2
47484	4
15124	10
38292	9
43862	5
43725	11
47295	10
12157	2
9726	7
1582	4
1462	9
1604	8
16528	11
1407	7
39171	1
39402	9
3758	8
10252	6
36410	6
29611	2
16648	9
70847	9
72145	5
16538	9
25048	10
43532	6
24119	10
13797	6
19622	4
4759	6
37078	1
45412	6
29224	3
33565	10
7216	8
29362	4
69259	12
38902	11
48089	11
23082	12
11340	1
46215	7
28695	12
33102	3
32632	1
30823	10
8877	4
39996	11
39779	10
24290	8
34568	11
13462	7
46774	8
39013	5
38438	5
1843	4
45771	5
72079	2
41190	4
8800	11
18778	5
3782	6
10873	9
42495	7
30969	8
24253	11
18428	5
69247	6
29582	5
7000	2
9108	5
2348	9
43522	6
10511	11
1038	11
4465	11
13341	3
20016	11
28102	7
26209	11
44786	5
30959	1
31076	8
62525	2
49434	8
1551	12
8741	3
43762	6
38195	10
71759	9
26131	4
30800	6
44600	3
11872	1
23884	5
39940	3
32340	12
59059	7
38520	7
25851	1
38567	6
10046	4
10907	10
27748	8
18901	4
69722	11
15066	6
37895	11
14835	3
49884	5
33857	8
16758	4
43789	8
17128	6
26930	2
48459	11
35395	11
33893	11
36415	5
22035	8
38962	12
26451	3
10514	6
13160	3
2414	4
23755	8
42006	4
29492	12
45977	4
9256	10
24893	4
57468	2
31457	2
45041	8
145	3
48545	6
22312	9
19375	5
58424	2
11227	2
7305	9
9474	11
23847	4
45338	11
14244	6
19562	9
133	1
7183	7
36235	11
14034	7
37695	8
21522	10
1464	1
63081	6
11718	6
24526	8
2087	8
7228	11
5031	5
43413	11
2192	3
49888	3
8717	1
32402	4
22244	2
44589	7
18682	3
9490	10
22938	7
24998	7
19737	2
2173	5
37808	8
15661	3
21931	4
45842	9
38098	7
48348	1
22259	7
20611	8
2626	5
20529	10
29439	3
42788	10
70516	5
10633	4
42560	7
37934	2
23075	2
8150	8
28074	8
40056	3
45379	6
11943	11
21389	10
14694	7
46395	8
6722	10
31963	8
46355	1
1998	3
21518	11
15714	5
2525	11
47978	8
45716	6
29385	5
33718	5
29736	9
17483	11
19827	2
48468	2
27769	12
14649	12
29571	1
24309	3
21515	1
24562	3
40131	4
25830	6
24023	10
37103	6
12717	10
39122	9
13792	11
44861	1
1027	6
42655	4
37269	3
38037	8
41119	2
37486	4
37025	3
72109	4
4823	6
24519	10
11929	9
32432	3
26450	10
5533	4
45759	6
17496	6
12723	9
3639	10
6524	3
4375	11
28631	3
40984	10
69378	6
28033	5
22896	1
32226	8
4749	5
26884	6
46337	3
49750	1
39504	2
27318	5
61213	12
15859	5
48815	11
1208	6
37055	11
40934	3
23627	6
36254	10
30910	9
38604	6
18056	6
5530	5
57172	5
30433	2
11765	4
22900	4
14273	8
375	8
46911	8
28781	3
20247	4
6753	2
22170	7
28677	7
72114	8
33582	6
9512	8
20594	9
34060	9
2059	1
6825	8
59736	11
12486	10
17330	7
38138	8
15548	5
14173	3
4502	6
852	8
17147	5
37595	8
47532	11
21595	11
8674	2
46034	4
3046	5
11229	2
8344	6
11094	2
28672	5
48934	3
23363	6
36500	8
19483	10
4901	3
34297	6
13714	5
30704	9
30368	11
47492	2
18849	9
12204	10
10032	5
22640	11
22593	9
9401	3
32918	11
62828	2
8081	9
14387	11
32166	2
45588	8
38859	2
36979	12
7685	7
30703	11
58568	5
44352	9
47858	10
28555	9
19955	12
22680	3
3806	3
33793	10
27286	6
2307	10
2690	7
13943	10
23602	4
63233	10
48242	3
4865	12
14678	5
39169	8
15204	7
70401	11
19509	6
69694	9
23166	8
40730	5
39151	6
46884	8
23277	1
19937	3
35884	6
27153	1
48780	4
8509	5
17569	1
31940	5
18261	7
19209	11
5857	7
20116	3
13785	10
19435	11
134	4
32639	6
16804	2
48470	3
22110	2
38504	12
29523	10
14285	5
7458	11
8260	12
291	9
34218	11
15165	8
43275	10
23504	5
2248	10
14651	3
13444	7
22002	11
23527	6
9632	11
1325	6
69355	5
22533	2
13562	6
11240	6
35487	8
14315	11
10486	4
68675	10
5604	1
37262	8
5197	1
48050	2
24694	1
24116	3
36941	5
18698	7
71630	4
30228	2
69196	11
31807	12
12699	8
17010	7
5349	3
13505	2
6860	10
61036	2
23238	12
2369	11
45293	3
25695	3
31516	3
43663	3
60684	4
1751	4
19471	9
3749	10
45078	11
41928	6
20959	8
18387	8
31486	9
18755	8
13272	8
30037	6
20637	8
12763	10
19247	2
10626	7
30566	1
21172	11
18743	1
39672	3
13992	6
24713	5
36841	8
48250	1
30736	4
42469	6
5577	3
26676	4
9881	6
20286	10
7399	2
35124	11
15302	10
19357	11
21265	5
69936	2
25811	2
30080	12
8089	9
43727	8
14804	11
47992	11
30810	10
62930	12
10315	3
25725	5
5244	8
12711	12
12876	10
20880	5
41681	3
9077	3
22221	5
42951	10
14049	7
70978	7
49257	4
1886	10
20870	8
30735	6
17851	3
39238	2
60830	4
1587	8
23171	3
2624	4
2011	9
46247	3
39173	11
33675	9
11951	7
10669	8
33960	2
29293	6
39312	5
29179	4
57628	10
6046	1
10830	8
28650	11
1114	6
8972	8
36817	7
24321	3
20004	3
30643	2
43557	4
38033	8
38155	7
16056	4
33538	7
20330	4
7775	8
15684	4
40639	7
36050	7
44982	8
26422	5
42843	9
34234	11
35952	5
10768	6
9686	9
39952	6
41351	3
12222	5
20035	10
6658	3
4235	6
18548	12
26449	10
31254	6
71784	4
11913	7
13277	8
33965	5
1562	3
13791	8
59065	8
23247	10
24379	8
1400	7
25360	9
16885	4
1240	9
25635	10
72187	1
36061	6
35298	5
14219	3
398	8
8479	2
3713	10
37703	5
27427	2
6732	6
47985	7
39215	4
21737	3
46131	3
38771	12
5653	1
38496	1
46878	5
1258	9
39027	1
19145	2
854	11
47414	8
31158	2
37118	2
46285	2
7009	9
9824	3
28484	9
24730	6
27311	9
10623	5
33926	4
43165	12
31575	4
1862	2
17222	6
33674	7
21634	5
14832	11
26179	3
12321	1
5466	8
31687	3
31106	5
61999	4
29153	1
26710	9
2326	11
40669	3
39002	12
21077	4
17622	2
14776	11
3105	6
29563	7
71465	7
28031	1
48771	9
36574	8
264	11
239	10
30320	5
44755	6
4889	8
13973	6
68295	3
37061	11
1013	2
25662	7
9036	4
62506	7
47553	1
31034	5
18966	8
32989	6
24938	8
24821	6
42238	6
32177	1
59401	2
6917	9
3320	9
34598	2
42663	4
26600	6
13811	10
18568	11
13194	6
37922	9
61599	8
6064	3
2	8
25316	7
47169	11
12706	6
19053	3
30711	8
70922	1
34667	11
44966	2
57643	4
36465	4
40580	1
25839	11
8718	1
68771	3
41794	1
41970	4
24835	3
44569	2
13884	2
165	3
7975	7
23842	8
4923	5
5441	4
7847	9
40673	1
26029	9
6843	9
32888	2
38337	1
63297	9
4939	10
68967	3
39082	2
38304	5
25238	4
27041	1
22496	8
41546	11
38742	1
36645	8
49280	5
5808	11
16146	10
18834	10
48535	5
29208	12
72000	7
26513	3
12757	9
38694	6
7504	3
26240	11
43359	10
32429	4
29579	5
18923	1
17505	3
14973	7
48382	6
3255	10
45292	9
5482	8
48970	5
49233	6
9887	3
69582	8
15993	2
8765	1
6668	2
45172	2
10682	2
7061	7
61031	7
8259	3
38242	9
5910	9
71529	1
3392	1
20718	9
28345	5
1632	11
20238	1
38281	1
42982	9
2434	7
24884	3
14047	6
37116	6
10034	11
60320	4
11367	4
8783	3
17968	6
46812	6
37871	3
20904	8
1234	7
16718	11
15645	11
42985	5
28558	7
3450	9
26356	3
41453	5
13904	1
21651	10
20779	10
33579	3
1159	4
42712	4
33679	6
7922	1
14495	9
20962	4
14582	12
44859	11
6462	8
15015	10
16802	10
38121	5
13795	3
40289	3
22080	11
37002	3
29223	10
71391	3
24844	7
28058	4
22449	2
21844	10
15972	3
9281	9
30514	6
16464	12
33412	11
43164	3
44422	2
33922	1
48458	6
6636	10
8473	11
10074	6
17185	3
25685	9
11878	7
19976	8
28839	8
38547	1
42721	3
27455	11
22927	8
27864	5
40775	10
4275	2
16314	11
32997	2
15824	6
20499	4
22841	11
26185	11
18380	2
9088	5
72174	11
34811	4
45048	8
70681	10
1998	8
38755	5
42850	7
44396	1
68870	3
7557	10
29014	7
21844	9
1786	5
29223	12
42591	3
31940	10
39685	11
4482	2
13795	8
11727	9
28265	10
49242	1
11448	2
23247	4
14285	9
32703	2
31457	8
33565	6
18533	8
17569	2
27904	8
46131	9
23504	1
23592	6
7663	10
8880	5
5935	5
24844	10
32429	2
26240	11
8695	9
3541	8
38724	4
20814	8
32888	3
4263	9
17200	6
19909	4
21106	3
45379	4
63081	3
31247	5
43157	6
24580	8
39082	10
4683	3
24519	12
1977	6
28188	11
3758	3
11211	2
6462	10
29464	3
23277	3
46911	11
12522	8
5851	4
29325	2
46271	6
43725	4
9537	5
40080	6
25393	3
47881	3
1216	11
45934	3
30320	10
31921	2
32402	7
13160	2
70099	7
33667	12
39940	6
13018	7
38121	1
10252	11
14205	11
30514	8
8150	9
43522	8
33857	8
12776	12
42111	1
44275	6
41139	6
37223	5
14387	6
34906	7
36699	6
6408	5
19933	8
39996	7
11872	3
41717	11
10212	3
43155	9
26474	2
18880	1
40934	5
38187	8
46285	5
9077	12
20248	7
32632	4
41498	11
16352	9
45716	8
3105	5
26063	11
32340	10
12144	3
16901	4
24321	10
21226	3
1843	2
9767	7
1407	5
45455	7
2282	11
18086	3
11300	9
18698	2
42003	10
35258	2
28327	6
24159	4
46438	9
26348	1
20529	10
48470	4
40015	1
23221	6
16464	5
42935	8
24340	8
20714	11
42702	3
8344	6
31942	2
49091	11
23920	7
4749	12
26376	6
36608	8
39033	8
21246	3
29241	9
8106	1
45842	8
62910	2
15788	2
35989	5
17342	7
11602	1
49532	12
44119	6
44640	6
45694	4
30149	1
10682	10
31693	7
7183	1
31186	1
1582	6
26611	8
1052	3
12642	8
29439	1
3651	10
4522	9
16465	4
41681	10
6064	6
5441	2
22938	2
25291	11
2848	3
35157	10
69694	3
48234	11
46064	2
6484	7
6668	1
4345	3
17858	5
29003	9
25773	12
42997	10
32610	3
18762	11
4759	8
31106	11
37871	12
41122	5
18552	5
62987	6
17088	5
71759	5
20849	4
7222	1
47588	11
19435	1
42627	8
29579	6
7847	1
28347	3
34154	6
62069	9
20215	1
28850	2
7973	6
36410	2
49598	6
3282	1
49884	12
33718	3
2907	5
23074	7
44918	6
69536	8
34218	11
17665	7
26390	1
49280	3
12696	4
30640	11
31807	9
49336	9
23182	2
46034	11
6963	6
62323	5
30786	9
29583	5
48458	7
19265	3
36586	8
22944	8
42560	7
24007	12
71446	11
31575	11
26400	6
41669	6
30762	6
49538	5
46640	4
1039	10
62482	10
13023	7
7509	7
13194	6
8527	6
41622	9
27455	10
45131	10
41201	3
25244	10
7216	9
48242	5
24235	10
32667	6
37702	6
15302	8
8009	3
43557	4
3737	3
10750	2
236	11
49775	2
46728	8
24509	5
41601	9
31678	1
30400	10
11704	1
24659	8
48162	2
45506	4
9810	6
43707	11
20413	5
16804	3
62193	3
25100	4
1673	12
32464	5
37316	10
35152	12
5734	3
39889	4
46597	10
70870	5
15268	8
70059	11
43999	6
36241	9
12269	8
19145	7
45848	2
19209	2
48934	6
14582	8
28074	12
46774	5
38666	3
24913	3
11410	4
45165	7
32904	10
41964	8
11885	9
15782	5
43153	6
13277	6
47521	11
5582	3
134	7
1515	4
46127	2
23932	9
40131	10
22587	3
21534	6
27748	6
38037	11
40639	6
48646	2
28060	8
68629	1
14495	10
18710	1
60128	5
22454	4
1231	3
14761	4
5949	9
17753	9
16362	8
45403	7
26707	12
15310	1
8473	3
1836	4
21900	8
69196	3
12175	4
69378	9
13505	5
22244	7
16829	3
26535	4
49706	9
21727	1
1240	6
6391	10
37085	9
16603	4
40984	8
49888	1
46186	8
42666	2
47050	7
18428	11
10046	12
42324	2
14339	11
29286	8
5193	2
18380	2
30566	1
27786	7
28482	11
30736	2
149	6
9088	11
12250	10
17483	7
58424	11
38969	5
32680	6
11878	5
31712	9
6524	3
3748	3
38338	5
31259	1
3277	5
43620	11
71844	8
28631	3
22481	1
35072	11
29393	3
4097	1
45338	1
17980	6
44755	11
35513	8
4901	9
40354	11
26525	3
69259	9
1046	12
49818	9
6969	2
7039	8
3675	11
37895	10
58714	1
25152	2
45377	1
20266	6
25531	7
5048	3
26422	8
42184	5
23215	7
14776	2
46375	5
46180	4
34234	10
7397	4
11542	11
2552	6
68295	11
48459	8
31028	6
30784	9
3678	11
4939	11
13781	8
16055	7
41718	2
39314	4
46884	4
45588	4
41289	1
12174	6
18697	3
34025	5
25801	6
18694	3
71209	5
4003	5
49212	6
42357	5
39312	9
39130	10
44940	11
6260	11
23075	4
11383	9
9594	9
8549	7
7228	8
18836	3
49032	3
10315	6
9547	6
12296	8
33679	3
30800	3
23256	1
38832	11
10685	1
12736	4
26902	3
6658	4
37577	1
15336	1
57523	8
7399	12
22417	3
19521	6
14282	6
14273	4
1905	11
28468	5
1462	3
38281	1
30433	4
26812	6
2524	7
1054	5
34442	3
21515	10
38167	1
298	5
48406	11
12757	10
9460	12
17796	3
23019	11
26598	5
59736	2
22574	2
1518	5
30617	10
45412	8
38714	1
19779	4
16365	11
20637	8
24648	1
36860	11
63323	12
11948	4
35708	9
29385	3
4359	2
6557	5
44974	4
25649	8
6455	11
45016	1
42760	11
4492	7
13272	2
22962	5
23241	7
4866	9
37712	9
29961	4
23709	3
41200	1
14038	1
30768	5
68963	3
44352	2
18645	10
38419	4
30073	3
17694	8
9069	5
40439	7
7841	7
9630	3
32009	3
22496	7
47532	1
1301	8
375	11
7506	9
30765	6
25695	11
41842	8
24257	8
37058	11
5219	4
59489	8
71938	11
48886	11
27962	2
26029	11
25343	11
49385	4
43727	9
19247	5
8919	8
46247	9
28423	4
33965	2
29597	11
15290	7
40791	9
44274	3
13762	9
20962	2
69770	3
30188	1
40816	4
3437	6
9544	11
23552	9
12674	6
46256	5
308	3
17010	9
14047	1
1053	2
34192	5
46053	7
2176	12
3741	1
2025	3
47675	3
15017	3
41928	6
8877	10
45754	10
36464	10
36302	1
34811	8
41386	3
9398	11
18214	2
1027	7
12699	12
12857	9
29372	9
36875	6
18609	8
9058	6
69182	4
18734	1
19483	10
39412	7
28099	9
57172	4
36178	5
46187	1
28650	5
33745	2
20670	12
26781	11
32233	10
1472	6
31963	12
39336	8
39151	8
47705	9
13866	3
6356	3
18620	4
36235	5
33997	5
41119	4
23640	9
35909	2
29563	9
16941	10
27354	8
12565	6
43164	8
20499	4
25432	3
25725	1
71871	7
5139	8
47484	6
8259	8
38504	10
6631	3
34325	11
1021	11
22934	2
45350	4
28713	8
20004	5
58916	11
38304	8
38870	11
7113	5
20611	10
20393	10
5003	8
32590	6
20286	6
1632	8
24556	7
23842	7
24253	3
71590	11
30093	6
25656	8
42721	10
59166	1
21	10
60567	1
47720	4
70831	1
45560	3
2877	12
19509	11
5923	4
13228	5
20154	8
37417	11
29736	11
2307	3
49434	9
38797	3
19357	7
7414	1
30037	2
16614	3
29478	6
21841	6
20948	4
6160	11
6210	10
39779	5
43191	12
71932	9
33429	6
36500	8
2369	10
19109	11
58399	5
32021	7
26056	3
31095	4
44839	10
44859	3
32115	11
48780	9
68283	9
29826	11
20926	8
29731	5
22973	7
49750	7
25470	11
5530	6
48862	6
47163	8
21518	8
15391	8
10514	6
7775	7
35020	4
11168	6
69366	3
47202	11
22593	3
41962	2
17762	8
6699	2
44565	3
42214	1
5336	6
45864	2
6679	5
33619	9
19689	1
15526	7
26546	4
27836	8
62525	5
40038	6
18432	10
10768	6
26162	12
18923	10
12723	11
14804	10
9657	2
33926	8
7322	3
21716	3
4955	11
33412	2
38297	5
43430	9
47037	11
17222	9
40414	2
22900	1
71465	2
6718	11
70516	10
4291	4
41026	2
40056	6
23652	1
48082	7
39461	1
12496	8
33884	9
45735	8
5740	7
24808	4
10907	9
35298	10
7277	5
48018	2
34259	5
32564	6
32316	1
37143	3
34297	7
12406	7
5533	11
59059	6
40753	1
39134	6
2059	7
36068	11
1400	9
17164	6
10476	1
291	9
70922	9
24175	2
24097	2
43532	3
20464	7
6772	3
22312	4
26356	7
38828	6
23884	6
69608	9
20870	6
35873	1
32989	5
19772	3
57628	4
38342	10
13811	5
20169	8
9206	4
46648	11
23642	5
25685	2
27134	1
14959	10
38138	8
16885	3
16314	7
18730	4
3878	11
2782	10
45817	5
45790	8
27585	5
8905	2
43012	1
23627	9
22601	7
14956	6
39019	2
13410	3
15043	6
26270	11
9429	11
44569	3
57643	1
17432	11
18255	2
26044	12
68391	4
61599	11
14003	4
28102	6
20594	8
42948	8
17406	12
4813	9
16802	12
11831	10
48400	6
7085	11
46923	3
29227	10
11764	8
27242	11
32960	4
40669	3
13342	12
23174	3
43431	6
26282	4
70130	9
31715	2
43165	11
33642	5
19827	11
21611	11
15636	1
28156	5
13229	1
69633	4
46932	3
40156	7
30013	6
29436	11
62052	8
11037	3
15249	10
27607	5
18812	11
47972	2
41975	8
10032	9
25625	7
8800	7
3320	1
11985	10
41128	3
36597	6
45095	2
9086	3
70978	10
47141	4
61344	8
26173	9
49751	1
17937	11
42690	11
7726	4
23001	6
16076	4
12511	6
48899	7
38131	3
25813	2
15859	10
15165	11
17481	1
24116	3
29277	5
35884	1
11240	10
49257	1
14614	3
47643	12
44832	3
44978	8
37118	10
59331	3
27153	9
8717	8
2326	5
48993	1
40031	6
14651	5
60827	3
39173	4
58568	6
21091	7
9483	9
44436	7
45768	2
11121	6
17619	8
14490	3
61132	3
7806	5
17147	9
28662	8
15645	10
70401	4
38155	12
32044	7
45614	8
20697	4
9021	11
673	2
12229	5
48453	10
71402	4
35395	6
1258	6
1923	5
31297	1
21355	7
68402	3
16618	8
38584	4
45553	10
37025	7
5884	2
17313	7
32966	8
39040	2
18778	2
30090	11
22533	1
9982	2
35746	3
72061	2
13932	10
35124	3
43413	4
17970	9
16718	9
10846	11
39800	9
45032	7
22826	9
24835	4
29460	4
13873	7
44653	10
14697	6
24956	6
43762	11
39952	6
37311	11
1396	8
33257	5
16375	6
21961	11
39849	5
36459	2
10264	3
42004	10
14678	8
23791	11
18554	10
1805	6
20580	8
48689	8
42395	3
10575	1
11340	9
39169	1
49767	9
16972	3
20346	1
44267	3
38254	11
26032	9
46147	10
28352	9
69355	9
48050	10
27789	7
37551	3
30632	2
15880	7
37703	3
47169	11
12788	4
20238	3
45247	9
33102	5
34597	3
62245	2
22680	8
24863	12
43508	2
19471	5
3944	12
145	8
23085	3
11823	7
36287	9
18387	3
32457	11
70109	5
38561	4
15661	12
10934	10
15295	2
31268	5
45345	6
20904	11
25333	2
61999	11
24489	10
4554	8
23007	11
14559	3
70681	6
61138	2
854	4
27600	5
1114	9
38770	6
1013	7
17974	4
10486	12
19712	6
5506	2
45172	2
42537	9
13068	8
25360	7
22732	1
1279	8
46633	7
38771	8
26689	5
15714	7
14299	8
32113	3
41933	8
57610	4
70755	2
19050	8
20880	8
60168	3
11229	7
36030	1
1374	5
41986	1
39171	6
62469	11
39624	6
44422	11
15548	3
848	11
68962	11
24473	3
15675	5
38252	3
39748	4
39536	3
43207	11
8792	12
1721	10
32239	11
37724	8
10426	8
39391	1
29237	8
33579	3
35406	5
43789	6
69312	5
239	3
15520	9
20959	6
71947	6
4695	9
780	11
17463	6
6732	10
16017	5
22614	6
133	7
20056	10
32639	10
7192	10
69936	2
38497	7
10074	11
21651	6
32465	11
4465	4
7090	1
35035	12
38015	7
27298	8
7778	7
2825	4
23834	3
362	3
27882	5
1730	4
25803	2
69582	8
16770	5
23527	11
19937	3
3256	2
71178	9
16201	8
11502	11
6046	9
19362	11
37002	6
27304	5
8969	9
37063	4
35100	4
28501	5
33618	10
20116	1
25424	2
3980	1
43605	10
36179	3
13918	5
7483	8
32166	6
23105	7
15972	8
22035	11
2227	3
69722	8
23809	5
24124	11
69946	7
30130	8
19375	3
21628	3
45767	3
42843	5
41080	7
37262	10
7945	4
10626	8
14317	7
3709	7
19151	11
44987	8
11296	11
38363	6
1073	5
24290	5
11316	8
26364	6
13791	7
18420	11
1105	5
45627	8
36041	12
21305	8
1177	4
26136	12
31687	3
40691	3
25576	6
48149	3
48278	12
33675	1
3046	11
48861	2
68771	8
28484	5
49281	11
7290	5
19312	10
6753	3
11290	3
47904	2
20881	10
34568	6
35308	3
24829	10
6717	7
12805	2
10434	11
48692	7
28206	4
44807	7
6581	12
61048	1
23847	10
18077	4
25722	3
10160	6
20780	3
9726	2
29461	9
11863	2
48770	11
37359	4
28289	10
25048	3
12879	4
26913	6
7000	8
43862	2
6479	9
39832	8
37286	8
38547	3
14168	10
11367	6
9853	6
14854	5
6777	6
8509	11
31516	2
26179	3
29934	10
26930	3
28359	8
1717	2
22130	7
39002	11
36698	5
13992	3
31486	7
32516	3
32849	11
34991	2
36440	6
61322	9
29666	6
43752	11
28366	10
46348	6
40524	8
48860	5
13582	7
6825	9
47214	8
29719	3
1683	6
1820	11
11690	10
43401	4
47171	7
13613	4
39122	5
61213	4
44872	11
34527	6
21522	12
47803	3
13480	8
1075	10
48159	4
15066	11
15668	3
5244	12
29153	12
44180	6
34038	2
19416	4
18687	8
12997	1
18834	7
47748	4
21715	6
32041	9
4235	9
13471	3
5806	11
28031	6
13562	2
49905	8
4588	1
22793	12
62009	3
6829	12
41861	2
33846	10
13474	11
13815	6
4431	2
37061	8
38474	5
13146	2
10595	8
26883	1
25818	8
3989	5
12613	5
47395	4
3114	5
20014	2
24952	5
68967	7
14524	6
32193	6
187	3
9027	9
59297	8
21172	6
69347	4
15684	4
7061	1
16014	12
19302	8
42663	1
19693	10
34808	7
37494	6
35585	11
21186	9
48939	3
13234	4
45640	10
40297	5
44150	1
40896	12
61916	4
48267	5
43376	2
71328	1
29571	8
7423	8
12370	12
62361	11
16912	3
12262	8
20035	7
30546	7
19562	11
46395	12
14315	10
40674	4
29492	2
37103	8
8938	10
31295	4
25868	6
33820	3
9061	9
19089	4
32432	6
42495	11
4842	7
62947	3
26498	6
61152	11
9281	4
27298	2
45412	1
15714	2
31516	1
35198	5
11557	6
7663	5
24562	1
45294	10
5862	2
25284	12
49336	9
32457	3
46812	1
42790	7
29611	12
62064	7
17222	7
16538	11
16146	6
45587	8
25695	8
45848	5
17406	5
17815	2
16428	8
44396	11
5197	11
28940	4
48780	4
71759	8
34259	1
8927	3
41119	7
21595	3
37063	11
3515	3
17463	3
47275	7
48770	3
37607	11
35884	11
40730	4
3392	6
61152	3
20464	11
13474	4
18261	4
10088	10
71871	6
