44422	10
63188	11
69722	12
19464	2
8093	7
1462	5
8098	10
45759	10
35952	6
43570	1
29262	11
68870	12
11502	12
11985	7
2307	12
20464	10
21310	4
18144	10
40056	10
68402	10
3651	10
41386	9
1472	7
22640	5
24821	4
42238	4
29277	4
12847	11
2	6
2794	4
1463	6
3645	11
35947	6
17267	7
22614	6
45735	10
31575	5
2326	3
1478	11
28395	8
33753	6
29241	3
4502	7
12810	5
28390	12
10633	11
38195	11
40031	4
22626	5
44872	11
5851	4
24808	10
47908	11
40038	9
40037	11
47904	5
39040	4
31561	2
42690	11
11973	10
33745	10
43532	10
45712	10
39033	6
42687	5
44861	11
5862	12
1021	3
29227	12
38182	6
23920	6
45716	4
20413	10
32402	8
2348	2
27041	3
1499	1
29224	5
1013	11
3675	5
30228	8
32888	6
43522	3
19435	8
39027	2
5873	10
44859	5
40015	11
23932	5
6718	5
29237	5
12805	11
11951	4
69770	11
17222	11
18554	5
38163	2
42663	11
20870	5
39013	5
38167	6
33709	3
42660	4
6731	5
16375	9
18552	2
39499	6
21727	5
28359	11
42666	8
26173	8
28352	12
1039	8
1038	11
2369	7
26179	8
33718	12
6722	8
15052	12
21730	10
44832	1
38155	11
20881	11
20880	7
39002	4
17231	8
71630	7
11929	8
1053	11
43508	8
21737	5
1052	5
21733	7
49281	8
10603	11
8919	11
11937	6
3225	8
1046	12
28366	2
4554	4
6732	11
19416	4
18568	11
30676	11
21389	8
47534	11
4574	3
6753	3
32041	1
24893	12
32044	8
48861	1
45350	3
10252	11
48860	9
13762	11
8927	7
43164	5
45345	1
36870	10
47521	10
3255	8
1075	5
27930	5
26600	5
1073	3
49706	11
31186	5
46671	11
44491	11
36875	11
8938	2
37724	4
16802	11
43157	5
45338	6
27904	10
43153	5
6772	12
43155	6
31171	5
72079	3
25722	8
3260	4
25725	10
27900	8
36869	8
15927	2
22690	11
31177	11
32021	3
47992	10
4588	7
27916	6
47984	6
47985	3
45322	2
3277	5
23552	1
24401	11
24884	11
19053	1
22227	4
33347	3
6777	12
37702	4
37703	7
20016	3
23527	2
20499	5
47978	1
20014	11
8972	11
46640	4
5466	12
47972	2
46648	12
21348	10
34667	7
673	5
31159	11
35513	10
12879	9
31158	11
45790	9
13720	8
36841	5
11542	8
12876	6
32009	7
11544	4
11543	5
10212	7
13722	11
22206	4
46633	12
21355	5
68843	10
19030	5
24863	3
46639	10
48815	12
12406	1
22680	11
9824	4
35508	12
10224	4
11555	6
35989	4
68851	7
5482	12
24835	5
43599	11
69703	8
7663	11
45771	8
19000	11
5003	3
19483	3
31134	5
29286	8
12857	7
35971	2
33793	8
45770	2
8509	4
39086	6
20004	12
44436	1
45767	7
45760	8
43100	5
9853	4
39082	11
12869	7
29298	12
36817	3
33784	5
10682	11
29293	11
71125	3
7685	5
6356	2
27887	8
24379	5
27885	2
27407	5
34181	5
59489	3
236	11
27882	5
35035	8
8527	11
11066	11
38547	8
47492	5
16758	8
17619	8
23054	12
1905	7
17617	2
47484	9
12370	6
5042	4
7222	11
9881	4
7221	3
7224	5
46147	6
4199	4
9401	6
61344	11
28713	11
26535	2
27864	4
8549	5
7216	10
37676	5
45294	5
13228	8
15407	1
13229	3
45293	3
6387	8
34154	5
72000	2
264	11
25695	11
35487	11
7228	11
48311	11
13234	8
46131	7
38517	6
1923	2
39849	7
18923	5
46127	2
48788	3
23001	12
34141	8
26513	1
6391	11
23007	12
40816	7
25662	8
34145	1
39832	1
14532	8
39833	7
38504	8
39837	11
8106	3
46599	3
71178	8
46597	5
28702	11
23015	5
23019	11
35468	4
24340	11
59059	4
48771	5
48770	9
11037	4
18901	11
25649	11
34121	5
25642	4
291	4
31095	7
38962	11
11000	8
36302	3
48760	11
1959	9
12332	12
10158	10
36306	10
45247	7
7277	8
49604	8
7279	11
62245	11
27836	11
25656	6
15859	10
34597	11
33264	7
39800	4
10166	8
14524	11
16352	12
17200	9
9466	2
18533	11
9469	2
41794	9
8136	2
9460	7
20853	12
59401	5
29666	5
32849	12
31516	4
15028	3
1977	4
39461	11
17211	11
9474	1
38131	9
37286	5
16365	8
17694	6
14187	11
21716	11
28347	5
70681	11
26162	9
58568	11
27498	11
69690	8
71529	8
69694	10
43950	11
37273	5
38121	11
42627	7
26136	12
44807	6
9483	4
8150	7
37270	5
30640	4
49257	5
14159	12
1518	8
2848	1
37262	11
20849	1
9490	4
8164	11
47067	12
37269	8
14168	11
15015	3
49242	11
31963	9
3701	8
69247	5
9023	11
9027	11
26598	10
20814	3
9021	10
35074	11
35072	11
43934	6
23082	7
23085	3
19827	11
49233	6
16314	7
68390	6
3710	8
19825	8
3713	9
48382	11
47050	6
69259	12
9036	2
37244	2
1547	4
1546	8
2877	7
27455	11
30617	6
16770	8
39892	10
38561	11
31927	5
27427	11
3737	9
25244	11
1551	11
46187	10
49212	1
38567	4
14113	1
46186	10
5910	5
17623	3
11094	1
71590	12
34192	10
41724	10
41718	9
2414	10
41717	5
23074	12
29611	12
14126	8
3741	10
39402	6
39889	8
13277	5
39888	8
39406	11
2418	7
31921	11
9069	11
70831	10
45874	11
16076	11
18255	3
9061	11
23602	6
1579	3
29385	5
58714	1
33412	12
33893	7
28058	8
19107	7
11623	11
5935	1
19109	5
24948	11
42357	3
41026	2
9077	5
43207	5
13815	6
5949	7
33884	11
34732	5
1587	12
2434	3
1586	11
12961	6
10780	3
13811	5
28062	11
40171	2
16055	11
19565	6
40161	11
45854	3
22738	5
19562	2
41498	10
39171	3
9088	10
39173	3
22732	8
9086	9
28033	9
11602	2
28031	12
29362	11
70847	5
27181	11
45842	8
43663	5
21892	11
39169	1
45848	11
21414	9
10768	9
34718	7
29372	12
33866	4
18697	10
18698	10
18214	11
42324	12
70870	3
18694	7
3320	3
44987	9
39151	2
6829	1
33857	1
31678	8
6825	5
15195	11
44974	2
42790	9
39145	5
16047	11
5993	11
43647	4
38292	10
44978	9
3326	3
33846	11
32516	4
32997	1
5506	5
20995	8
39130	11
21841	4
39134	3
70895	3
41453	4
17342	8
15165	1
45817	2
2011	12
44966	6
38281	11
21844	6
45815	5
27142	3
30320	1
27146	5
29325	2
16017	1
32989	11
43620	1
18686	8
39122	8
6860	3
5530	8
4683	11
41445	9
18680	6
41449	3
27153	4
33820	11
28484	11
28482	11
58303	8
23209	10
48501	11
26710	5
25868	11
11229	8
32169	2
32166	10
61048	11
1177	8
13884	1
11221	2
12553	11
5533	10
11223	8
16912	10
11227	5
36526	9
47643	6
63233	7
72187	11
26723	12
23215	3
25870	11
36993	4
12565	9
46793	9
48970	10
7726	3
24517	5
24519	11
62396	7
20154	8
45455	11
22331	5
24995	8
49818	11
34325	9
31295	11
31297	5
36500	7
7735	11
13866	10
41093	5
20169	10
46774	5
11690	1
25851	10
19172	3
44119	11
23676	4
49807	11
3392	7
24526	11
780	11
36979	1
34799	2
2059	10
33465	11
2057	1
4235	6
41080	10
6899	11
11211	2
308	3
11699	3
5582	10
44589	9
5101	9
46761	8
19145	3
23642	3
22312	11
22313	12
28099	11
34300	11
9934	10
12997	11
12511	3
46756	11
45424	7
48934	5
25839	11
44579	1
69813	11
42395	4
20143	5
7773	3
24509	9
68963	5
7775	4
19151	6
2087	4
68967	8
32590	8
48939	3
32115	5
32113	2
33445	4
31268	4
36954	11
35628	5
12522	8
6450	12
44565	5
20598	4
24956	5
25803	5
23627	5
45899	9
24958	4
4275	5
20594	9
6455	8
24952	11
20116	8
10315	11
7778	8
36941	6
28074	5
4282	7
4283	9
22308	11
63297	5
6462	8
25818	12
69834	7
8643	12
25811	7
25813	8
13835	10
31247	12
7305	6
7309	11
35604	11
70814	4
9982	5
7322	3
49315	4
9503	4
14692	5
26676	12
23166	11
40984	10
25347	4
35152	10
4291	8
354	4
35157	6
28850	4
19909	10
30703	1
38666	11
39996	11
49311	12
5139	11
46285	6
30704	5
12039	8
14219	9
15548	7
29719	2
6484	7
48459	9
9512	5
34297	4
23171	10
23174	4
24023	10
48453	5
6479	2
39504	3
16885	10
46271	6
21	6
28839	8
13341	6
13342	3
49775	11
36464	11
37311	6
72114	8
23144	10
375	7
24473	5
36465	3
37797	4
17705	10
11168	8
37316	2
11169	11
15526	9
49769	11
47588	2
46256	11
62323	11
23155	5
25333	1
32094	12
24489	11
25335	11
25337	11
26660	1
35124	3
36459	11
14205	5
8695	10
45398	8
12472	11
14651	1
46247	11
36440	8
9544	1
27962	6
24455	11
23126	5
8690	3
39952	8
2907	9
49751	4
9537	11
5197	7
48899	4
6046	3
72145	5
72142	7
40934	11
5193	12
34259	5
35585	11
48406	11
45379	8
19089	5
49732	5
48400	4
45377	4
23105	10
24437	8
19090	11
13785	8
11121	10
37756	2
43191	8
6064	11
62361	4
46215	1
13791	8
25773	4
63215	11
16829	8
34234	1
23592	5
61036	8
36410	8
45360	8
36895	12
13797	5
15972	8
45362	11
13795	5
36898	7
61031	7
36415	4
12467	1
1604	5
11138	10
38261	3
71646	10
44940	6
36082	2
40580	3
8259	11
14299	7
42760	5
16474	4
20977	5
32960	10
24097	7
33815	11
19509	5
30786	3
26270	8
49394	5
32965	6
20500	12
19510	8
38252	2
16481	10
38254	11
17330	6
43605	8
28468	5
43602	1
8260	7
48050	2
26282	10
57354	12
39106	9
49385	2
19998	10
18669	7
38242	8
15124	5
36068	4
20959	2
6095	5
42746	11
1632	2
26254	6
27585	7
30768	11
68491	2
20962	10
18642	11
17796	11
17313	10
16465	12
16464	9
62721	3
29777	8
36050	3
48033	5
19976	4
3822	10
17762	8
42720	8
69366	12
39552	11
32918	5
35198	5
28898	7
42721	2
62734	7
36041	5
24051	9
24053	2
28893	4
15587	11
69365	2
47173	8
19946	5
18620	4
15591	2
69378	4
48018	8
47169	1
20948	5
36030	3
42712	5
28428	1
29759	6
2514	4
26240	2
25393	9
60567	5
28423	5
42709	4
30736	1
47163	5
71209	5
9166	3
48006	2
49336	11
30719	9
38202	7
40524	5
25368	10
24038	8
2525	11
2524	11
23182	8
25360	11
1673	8
16415	11
60572	10
39536	11
3857	7
38670	12
14244	5
29736	5
41842	5
1689	11
18609	4
29731	1
1683	5
15579	3
19937	1
16423	3
19933	4
48470	11
16428	10
1208	6
20697	11
42004	3
20695	9
32680	11
20215	11
33538	8
3878	11
35715	11
20224	5
18387	11
40297	5
1231	5
46838	11
45504	3
45506	11
30013	6
6917	11
2552	12
35708	2
31348	8
13932	12
21522	4
19689	11
20670	6
23709	5
41139	3
1240	11
16171	2
45977	4
57523	11
4749	5
33997	4
13904	11
49092	5
32664	5
29006	6
11727	8
1234	11
29003	11
10873	8
19209	11
30008	5
21534	11
45964	12
19693	8
43783	4
41122	10
41128	1
43789	12
13918	9
29014	8
33980	1
823	10
70978	7
13910	8
29492	5
5604	2
71824	11
4758	8
4759	10
20654	5
68675	11
40266	10
17481	9
41119	2
29464	8
27286	6
3437	8
11704	11
29461	11
29460	6
33977	11
45941	5
43762	5
17010	11
17496	11
22840	9
21515	11
34811	7
32632	10
33964	12
59736	11
33960	7
11718	8
34818	11
6954	7
848	11
31787	11
33965	6
7806	3
16132	10
21961	11
19645	1
44600	11
41576	3
20637	4
62910	12
28592	11
58417	3
1279	9
852	6
854	5
31777	10
17468	6
10830	11
37063	2
42896	11
22826	3
16146	5
17474	5
5653	5
38391	7
15290	4
37061	8
49040	8
30433	7
27279	11
58424	7
24659	5
42086	8
44267	1
11340	5
7841	4
35793	3
22475	5
38828	7
12674	6
36645	7
14854	7
11348	4
45588	8
46438	11
46433	10
45587	5
42078	4
22002	4
25998	7
23336	2
30090	9
3008	5
14864	1
7847	5
15714	5
38815	5
49933	11
21124	5
4352	9
5200	5
19281	8
49938	2
14836	4
13505	1
34442	5
4345	8
10476	12
14832	5
24648	12
33582	1
30073	5
47748	5
33103	7
33102	3
23791	7
4356	5
10486	10
4359	6
45560	4
8718	5
8717	11
62052	11
42048	4
46883	8
43376	8
45553	5
3046	3
49919	8
21106	2
33579	11
31397	5
5214	5
41190	8
10450	8
11300	4
5219	8
14813	11
37934	11
8728	11
22449	11
42037	10
62064	12
46875	9
21595	8
62069	3
34414	1
11316	9
32233	4
32231	11
6557	9
13973	4
12642	5
37922	5
22417	10
7423	11
4399	3
69946	1
22896	5
32226	10
7414	9
70922	9
20247	12
20246	11
6581	5
21576	11
6585	6
8763	8
42495	1
68629	1
3079	12
23755	2
20248	11
30037	7
8758	3
45078	7
15661	10
7446	8
49434	7
48104	11
58399	8
26310	11
30823	2
48100	10
14339	2
9630	9
17851	1
38770	11
38771	11
38772	11
9632	5
23299	12
28501	6
26329	3
25470	11
17858	5
15675	8
46395	11
47240	11
16528	5
30810	3
13462	8
70059	11
8313	11
40601	4
24116	1
41933	12
24119	3
41928	7
35258	5
36586	5
6127	8
37439	2
14315	5
17822	7
30800	11
11290	1
13474	12
9657	6
45048	9
37421	6
36574	5
23277	5
24124	10
29811	3
61599	4
71391	10
57096	11
61113	11
49884	5
45041	11
61110	3
13476	3
21091	2
17834	8
27607	12
6156	11
27600	10
13444	10
38742	3
37895	5
14776	6
21063	5
45033	4
44180	12
44182	6
9674	7
8344	4
49867	11
48535	7
11271	7
21077	11
46355	5
47202	1
59297	5
25432	5
23256	12
32193	10
25437	8
34370	4
24580	7
28940	3
14786	3
61132	10
17815	12
7009	12
9686	11
45016	10
46348	10
47674	11
63323	11
47675	9
23221	11
32184	11
24557	11
24556	12
1717	4
38724	7
62482	11
46337	2
28928	8
14761	11
7039	11
25414	11
1721	5
32177	4
25890	7
24562	3
48993	1
12586	10
38710	9
44150	10
16941	11
61152	8
38714	2
1725	3
19622	6
37058	6
20611	7
57468	3
27242	4
27245	11
39238	9
49032	5
25060	11
71759	8
42871	4
40691	10
29439	5
28105	6
29436	10
1744	2
30897	11
17459	4
33922	5
38363	7
71784	11
28556	10
62835	3
28550	1
24192	12
62828	11
28555	11
1751	8
15249	7
39215	3
13068	10
18755	4
48162	2
18762	10
42850	11
9254	10
40674	5
39685	11
40673	6
48159	11
36178	9
71793	9
57494	4
61999	10
21931	11
36179	3
30878	11
3944	2
18769	11
71328	11
39672	12
38342	12
58352	7
26356	6
27206	5
21900	5
42843	1
40669	4
7085	5
41509	9
24175	8
31715	11
17406	9
49476	3
17886	7
18734	12
47295	12
49471	10
31712	11
37482	11
18743	11
37000	11
37002	11
37486	11
62863	8
41986	10
7090	8
24181	6
25031	8
1786	8
38337	8
38338	10
4813	8
3967	12
18710	11
15684	11
13023	11
3980	8
15682	4
70498	10
12175	3
35298	10
9281	3
41975	11
24159	4
40639	8
28993	3
30846	11
16538	8
41964	10
26345	1
26348	8
41962	4
40637	11
25495	3
38797	3
47264	11
47261	8
23847	3
69608	10
23842	10
32324	7
3515	5
12717	10
4842	3
11863	11
3997	6
12711	5
3519	12
57628	12
19357	8
20346	11
71932	4
38098	1
70602	11
42111	4
47803	6
45627	11
10547	12
11878	6
33642	3
14908	11
30130	11
29159	6
11872	5
42591	1
5704	9
63072	11
32316	12
17147	1
43430	8
20790	9
43431	4
3541	11
44768	2
2690	2
45614	9
22973	11
10514	9
57643	7
71938	5
4865	5
4866	6
68771	9
63081	11
31457	9
10511	8
23834	7
69633	5
70622	12
44755	8
21651	3
17153	12
41245	11
1374	7
29138	8
12706	5
28289	11
19302	11
18455	5
43413	2
42560	7
21628	6
39391	10
20779	6
60827	11
46923	10
5739	4
28254	9
29582	6
60830	4
5734	5
33618	11
59848	4
17128	6
4889	10
46911	12
19312	5
40375	11
20780	11
1396	11
21634	8
28265	5
2236	11
11839	9
7922	8
18432	4
22934	6
17104	2
40366	3
41696	5
4431	9
22938	7
41215	5
29563	11
2248	6
7934	8
30566	4
18438	1
21611	11
43862	11
41681	11
14086	3
38031	3
38033	12
41201	11
41200	4
19772	11
38037	5
17595	10
29579	5
43867	11
20765	1
26063	9
29571	3
3589	4
3105	8
7945	11
507	5
19779	11
49165	11
26060	2
47414	8
21265	2
6631	5
24773	7
22599	7
33259	5
15828	9
33257	7
3114	3
22593	5
14973	12
8800	4
13650	6
4465	10
21274	1
2282	4
14508	5
37607	10
12321	6
47881	11
10142	11
6633	8
6636	5
5307	5
21246	2
12770	5
32382	4
22574	9
31051	8
2294	1
23423	5
14959	5
34568	7
11448	9
20393	8
4466	6
7975	4
5799	12
10595	10
42184	12
4482	10
4003	1
18086	4
22587	7
34556	9
32378	3
35884	12
6658	8
7504	10
6659	11
7506	7
11458	11
7509	11
12305	12
35406	11
4492	8
45673	11
20373	8
43012	12
3166	3
23884	11
47858	9
26913	11
34544	10
31034	4
13609	8
10574	10
6668	5
10575	10
38902	11
58916	8
43000	3
47840	5
560	5
30178	11
36719	10
12763	8
13613	4
31028	2
6210	3
17185	6
19362	12
22533	1
24710	11
24713	2
14913	9
33675	11
12736	7
32340	8
11885	5
33679	11
10556	12
62193	8
19378	12
45643	8
8880	11
4043	11
45640	3
41289	4
18045	3
34990	11
26902	10
31486	11
102	11
29179	10
57610	11
21691	4
6699	11
11410	3
8877	8
9724	11
32337	1
15782	5
14451	11
46047	5
35395	10
24257	11
36241	12
27769	9
61206	5
40738	5
24253	4
15788	12
37577	11
60350	11
45193	12
17970	8
49546	3
15310	4
34055	5
71495	5
40730	8
26449	5
22080	8
36235	8
61213	4
46034	3
9749	11
39748	4
17974	1
48692	6
16648	11
38419	6
49538	5
48689	8
9767	8
37551	9
12252	9
10074	7
62556	11
24235	11
27748	9
59381	12
4071	1
133	3
134	4
49532	6
14435	12
16614	10
30920	11
38870	3
12262	11
10084	2
7113	11
6260	4
145	5
34038	10
36213	10
69196	3
10088	7
45165	11
17958	8
1805	12
36699	11
21188	3
21187	8
11383	2
21186	8
22035	11
33173	10
34025	1
17929	2
24694	4
23363	5
34023	7
39713	1
1814	8
49505	1
47326	11
12240	4
26884	1
35340	3
34490	9
26406	3
1822	3
1820	12
33169	11
34013	2
34497	6
26883	6
39702	6
39704	10
1824	2
38859	4
8473	8
48646	11
8479	1
21164	8
22496	5
24673	8
12696	11
10032	7
10034	12
45131	11
1836	2
12699	11
7153	4
47788	4
14881	12
62122	5
44275	11
25531	8
183	12
187	9
12229	2
14408	9
35324	1
12222	12
21172	6
71402	6
38025	8
27368	10
62930	11
20733	3
10934	5
34906	11
8009	5
17569	8
30546	11
38496	11
8029	8
38497	5
22927	10
18420	11
38015	5
15391	12
42997	11
41669	11
1864	8
1862	5
26044	3
18428	11
42982	6
7189	12
14034	3
10907	5
28677	8
61622	11
42985	12
43832	6
7183	2
29523	5
26498	5
48288	4
14038	9
39336	10
49133	8
32703	1
4901	7
16218	7
13194	10
40791	3
22900	4
22903	2
18880	5
13197	11
29538	2
28206	12
7192	11
26029	5
43822	8
1886	7
30510	2
14049	2
48278	11
49123	7
19737	8
13160	3
39312	6
14495	10
49115	7
36287	9
28650	6
26474	11
49598	3
39314	5
19705	11
48267	12
39317	10
24290	8
38451	8
9398	9
37120	5
16201	11
59331	6
9390	4
62987	5
36271	3
40778	2
62506	11
1424	11
25152	8
4939	7
59337	11
68283	2
60320	10
18865	10
19712	11
48250	5
69148	8
31807	11
37595	4
16652	10
30959	1
12294	7
27304	12
27788	11
27789	5
42948	4
42942	9
22091	1
28631	8
29961	11
17505	8
18836	4
14479	1
47395	4
39779	10
46064	12
37116	1
30969	2
37118	4
18834	5
68295	4
16658	8
30948	11
36254	3
41601	5
58024	10
8081	11
62525	5
41605	5
27318	8
5806	4
5808	10
27311	8
4950	11
37103	11
15336	4
46053	12
18849	6
38438	10
4955	11
18844	8
